137 5 331 596 0 106 9017 49 6 11 4 300 76 120 914 0 0 84 202 0 44 1612 172 4977 48 0 11295 30043 22 3 2 2021 386790 7649 34909 0 0 666 186 0 74 0 30 0 5 679 8 0 83 215 461 772 0 0 6 18 3 665 127 371 0 59 30 5 2 2839 157 24757 1 0 0 757 22 13866 57 7982 0 125 0 119 44 6 0 0 18 2 0 70 3 0 3 0 55 6 953 14 7070 101 47 0 476 478 79 0 152 0 0 5 80 2 0 1 4 155 111 0 55 59 0 1 1 5 3 1 0 1 35 6 191 
0 5 0 0 14 371 0 0 5 0 5 0 0 0 0 0 13 0 0 17 0 0 484 0 273 588 0 0 756 0 1 16231 0 0 0 915 9 0 0 0 0 0 0 9 45 0 0 2 0 0 0 0 8 0 0 0 0 0 0 0 9 0 0 5 0 0 380 0 397 0 12 0 0 0 296 0 149 0 6 0 0 0 0 0 0 1 0 0 0 0 0 0 0 0 0 110 0 0 0 2 0 0 0 4 0 1 0 0 0 0 0 0 0 0 0 2 0 0 1 0 0 0 0 0 0 1 0 0 0 
0 3 0 0 7 246 0 0 0 0 4 0 0 0 0 0 8 0 0 0 0 0 0 0 206 404 0 0 542 0 0 13288 0 0 0 530 3 0 0 0 0 0 0 0 0 0 0 0 0 0 0 0 8 0 0 0 0 0 0 0 4 0 0 0 0 0 299 0 304 0 6 0 0 0 182 0 125 0 4 0 0 0 0 0 0 0 0 0 0 0 0 0 0 0 0 79 0 0 0 2 0 0 0 2 0 0 0 0 0 0 0 0 0 0 0 3 0 0 1 0 0 0 0 0 0 1 0 0 0 
0 1 0 0 5 136 0 0 0 0 0 0 0 0 0 0 0 0 0 0 0 0 0 0 49 106 0 0 331 0 0 8881 0 0 0 591 6 0 0 0 0 0 0 0 0 0 0 0 0 0 0 0 11 0 0 0 0 0 0 0 4 0 0 0 0 0 0 0 300 0 0 0 0 0 0 0 76 0 0 0 0 0 0 0 0 0 0 0 0 0 0 0 0 0 0 0 0 0 0 0 0 0 0 0 0 0 0 0 0 0 0 0 0 0 0 0 0 0 0 0 0 0 0 0 0 0 0 0 0 
0 4 0 0 10 402 0 0 0 0 6 0 0 0 0 0 3 0 0 0 0 0 0 0 255 341 0 0 755 0 0 22835 0 0 0 979 9 0 0 0 0 0 0 0 0 0 0 0 0 0 0 0 10 0 0 0 0 0 0 0 5 0 0 0 0 0 538 0 352 0 14 0 0 0 211 0 158 0 4 0 0 0 0 0 0 0 0 0 0 0 0 0 0 0 0 226 0 0 0 3 0 0 0 5 0 0 0 0 0 0 0 0 0 0 0 2 0 0 0 0 0 0 0 0 0 4 0 0 0 
0 6 0 0 15 548 0 0 7 0 8 0 0 0 0 0 5 0 0 11 0 0 749 0 164 708 0 0 894 0 4 27025 0 0 0 1186 12 0 0 0 0 0 0 11 159 0 0 2 0 0 0 0 5 0 0 0 0 0 0 0 6 0 0 3 0 0 426 0 353 0 7 0 0 0 607 0 284 0 7 0 0 0 0 0 0 1 0 0 0 0 0 7 0 0 0 308 0 0 0 11 0 0 0 11 0 2 0 0 0 0 0 0 0 0 0 8 0 0 0 0 0 0 0 0 0 3 0 0 0 
18 4 157 55 8 446 145 36 1 2 5 8 14 215 67 88 5 88 49 1 46 984 127 469 224 252 5904 1717 720 29 0 24923 709 8294 360 803 4 15 404 0 23 13 17 1 30 44 51 0 8 96 121 16 7 1 4 0 4 0 109 49 3 3 5 0 9 1630 348 86 381 29 9 3 143 906 282 163 147 17 2 2 31 0 3 2 0 1 20 0 0 2 0 0 6 0 27 258 21 22 46 5 0 13 131 4 4 1 5 13 0 1 0 0 0 0 7 1 13 1 1 0 0 0 1 1 0 1 1 1 0 
0 4 0 0 14 490 0 0 0 0 6 0 0 0 0 0 3 0 0 0 0 0 0 0 231 404 0 0 592 0 0 29973 0 0 0 1509 17 0 0 0 0 0 0 0 0 0 0 0 0 0 0 0 8 0 0 0 0 0 0 0 11 0 0 0 0 0 441 0 295 0 10 0 0 0 379 0 303 0 8 0 0 0 0 0 0 0 0 0 0 0 0 0 0 0 0 320 0 0 0 9 0 0 0 8 0 0 0 0 0 0 0 0 0 0 0 4 0 0 0 0 0 0 0 0 0 4 0 0 0 
0 2 0 0 8 273 0 0 0 0 1 0 0 0 0 0 1 0 0 0 0 0 0 0 86 201 0 0 565 0 0 18066 0 0 0 943 8 0 0 0 0 0 0 0 0 0 0 0 0 0 0 0 11 0 0 0 0 0 0 0 5 0 0 0 0 0 68 0 435 0 2 0 0 0 71 0 134 0 1 0 0 0 0 0 0 0 0 0 0 0 0 0 0 0 0 65 0 0 0 2 0 0 0 3 0 0 0 0 0 0 0 0 0 0 0 0 0 0 0 0 0 0 0 0 0 0 0 0 0 
0 7 0 0 10 547 0 0 6 0 15 0 0 0 0 0 5 0 0 9 0 0 572 0 246 397 0 0 1080 0 1 27017 0 0 0 855 6 0 0 0 0 0 0 5 122 0 0 0 0 0 0 0 7 0 0 0 0 0 0 0 4 0 0 5 0 0 1269 0 434 0 23 0 0 0 541 0 111 0 3 0 0 0 0 0 0 6 0 0 0 0 0 8 0 0 0 320 0 0 0 9 0 0 0 9 0 3 0 0 0 0 0 0 0 0 0 1 0 0 0 0 0 0 0 0 0 12 0 0 0 
0 6 0 0 11 542 0 0 7 0 8 0 0 0 0 0 12 0 0 15 0 0 769 0 224 441 0 0 1036 0 4 29057 0 0 0 808 7 0 0 0 0 0 0 5 127 0 0 2 0 0 0 0 7 0 0 0 0 0 0 0 3 0 0 3 0 0 553 0 491 0 9 0 0 0 543 0 136 0 3 0 0 0 0 0 0 2 0 0 0 0 0 2 0 0 0 290 0 0 0 7 0 0 0 9 0 6 0 0 0 0 0 0 0 0 0 2 0 0 1 0 0 0 0 0 0 2 0 0 0 
0 4 0 0 13 445 0 0 1 0 6 0 0 0 0 0 8 0 0 1 0 0 129 0 233 519 0 0 518 0 0 24944 0 0 0 1221 12 0 0 0 0 0 0 0 29 0 0 1 0 0 0 0 7 0 0 0 0 0 0 0 10 0 0 0 0 0 388 0 248 0 7 0 0 0 415 0 327 0 9 0 0 0 0 0 0 0 0 0 0 0 0 1 0 0 0 275 0 0 0 10 0 0 0 6 0 2 0 0 0 0 0 0 0 0 0 6 0 0 1 0 0 0 0 0 0 2 0 0 0 
0 3 0 0 17 290 0 0 2 0 1 0 0 0 0 0 11 0 0 14 0 0 280 0 109 609 0 0 369 0 0 16943 0 0 0 1429 24 0 0 0 0 0 0 4 18 0 0 2 0 0 0 0 13 0 0 0 0 0 0 0 20 0 0 1 0 0 75 0 287 0 2 0 0 0 68 0 349 0 1 0 0 0 0 0 0 0 0 0 0 0 0 0 0 0 0 56 0 0 0 5 0 0 0 2 0 0 0 0 0 0 0 0 0 0 0 2 0 0 0 0 0 0 0 0 0 0 0 0 0 
0 3 0 0 8 368 0 0 0 0 3 0 0 0 0 0 1 0 0 0 0 0 0 0 211 201 0 0 727 0 0 22491 0 0 0 937 8 0 0 0 0 0 0 0 0 0 0 0 0 0 0 0 9 0 0 0 0 0 0 0 5 0 0 0 0 0 219 0 395 0 8 0 0 0 145 0 134 0 1 0 0 0 0 0 0 0 0 0 0 0 0 0 0 0 0 184 0 0 0 2 0 0 0 5 0 0 0 0 0 0 0 0 0 0 0 0 0 0 0 0 0 0 0 0 0 1 0 0 0 
0 6 0 0 13 630 0 0 2 0 14 0 0 0 0 0 6 0 0 2 0 0 232 0 289 367 0 0 506 0 0 35046 0 0 0 1282 10 0 0 0 0 0 0 1 51 0 0 0 0 0 0 0 4 0 0 0 0 0 0 0 3 0 0 1 0 0 975 0 212 0 18 0 0 0 944 0 205 0 17 0 0 0 0 0 0 2 0 0 0 0 0 2 0 0 0 550 0 0 0 11 0 0 0 8 0 3 0 0 0 0 0 0 0 0 0 7 0 0 4 0 0 0 0 0 0 12 0 0 0 
0 4 0 0 10 421 0 0 1 0 5 0 0 0 0 0 5 0 0 2 0 0 104 0 233 329 0 0 797 0 0 23779 0 0 0 964 8 0 0 0 0 0 0 1 23 0 0 0 0 0 0 0 8 0 0 0 0 0 0 0 4 0 0 0 0 0 363 0 403 0 10 0 0 0 287 0 134 0 5 0 0 0 0 0 0 1 0 0 0 0 0 0 0 0 0 228 0 0 0 3 0 0 0 6 0 1 0 0 0 0 0 0 0 0 0 2 0 0 1 0 0 0 0 0 0 1 0 0 0 
0 4 0 0 12 321 0 0 2 0 4 0 0 0 0 0 13 0 0 4 0 0 187 0 234 691 0 0 693 0 0 15257 0 0 0 763 9 0 0 0 0 0 0 2 26 0 0 3 0 0 0 0 8 0 0 0 0 0 0 0 6 0 0 1 0 0 293 0 313 0 5 0 0 0 178 0 188 0 5 0 0 0 0 0 0 0 0 0 0 0 0 0 0 0 0 123 0 0 0 2 0 0 0 5 0 2 0 0 0 0 0 0 0 0 0 4 0 0 0 0 0 0 0 0 0 1 0 0 0 
0 5 0 0 9 474 0 0 3 0 7 0 0 0 0 0 8 0 0 2 0 0 367 0 290 399 0 0 926 0 0 22973 0 0 0 774 5 0 0 0 0 0 0 4 80 0 0 1 0 0 0 0 5 0 0 0 0 0 0 0 3 0 0 2 0 0 518 0 418 0 11 0 0 0 408 0 201 0 3 0 0 0 0 0 0 1 0 0 0 0 0 0 0 0 0 217 0 0 0 8 0 0 0 6 0 4 0 0 0 0 0 0 0 0 0 0 0 0 1 0 0 0 0 0 0 2 0 0 0 
0 4 0 0 10 377 0 0 2 0 4 0 0 0 0 0 15 0 0 2 0 0 232 0 237 529 0 0 774 0 0 18835 0 0 0 732 6 0 0 0 0 0 0 2 53 0 0 2 0 0 0 0 3 0 0 0 0 0 0 0 3 0 0 1 0 0 225 0 394 0 2 0 0 0 272 0 198 0 4 0 0 0 0 0 0 0 0 0 0 0 0 0 0 0 0 144 0 0 0 4 0 0 0 9 0 2 0 0 0 0 0 0 0 0 0 2 0 0 0 0 0 0 0 0 0 1 0 0 0 
0 4 0 0 13 424 0 0 2 0 5 0 0 0 0 0 5 0 0 7 0 0 249 0 194 462 0 0 617 0 0 23125 0 0 0 1241 12 0 0 0 0 0 0 1 62 0 0 0 0 0 0 0 10 0 0 0 0 0 0 0 10 0 0 1 0 0 307 0 342 0 5 0 0 0 395 0 284 0 8 0 0 0 0 0 0 0 0 0 0 0 0 2 0 0 0 200 0 0 0 11 0 0 0 5 0 1 0 0 0 0 0 0 0 0 0 5 0 0 1 0 0 0 0 0 0 1 0 0 0 
0 4 0 0 14 337 0 0 2 0 5 0 0 0 0 0 8 0 0 8 0 0 212 0 158 609 0 0 576 0 0 18902 0 0 0 1182 12 0 0 0 0 0 0 1 37 0 0 0 0 0 0 0 13 0 0 0 0 0 0 0 14 0 0 1 0 0 374 0 346 0 10 0 0 0 291 0 298 0 8 0 0 0 0 0 0 0 0 0 0 0 0 2 0 0 0 90 0 0 0 7 0 0 0 3 0 1 0 0 0 0 0 0 0 0 0 7 0 0 0 0 0 0 0 0 0 2 0 0 0 
0 4 0 0 11 373 0 0 1 0 5 0 0 0 0 0 15 0 0 1 0 0 99 0 211 479 0 0 676 0 0 22003 0 0 0 852 8 0 0 0 0 0 0 1 1 0 0 2 0 0 0 0 8 0 0 0 0 0 0 0 3 0 0 0 0 0 357 0 457 0 7 0 0 0 360 0 161 0 4 0 0 0 0 0 0 0 0 0 0 0 0 0 0 0 0 146 0 0 0 7 0 0 0 6 0 2 0 0 0 0 0 0 0 0 0 2 0 0 1 0 0 0 0 0 0 1 0 0 0 
0 5 0 0 13 495 0 0 4 0 6 0 0 0 0 0 4 0 0 7 0 0 451 0 193 496 0 0 894 0 1 25650 0 0 0 1221 10 0 0 0 0 0 0 5 113 0 0 0 0 0 0 0 9 0 0 0 0 0 0 0 10 0 0 2 0 0 368 0 350 0 8 0 0 0 401 0 291 0 8 0 0 0 0 0 0 1 0 0 0 0 0 4 0 0 0 260 0 0 0 10 0 0 0 7 0 0 0 0 0 0 0 0 0 0 0 4 0 0 0 0 0 0 0 0 0 2 0 0 0 
0 4 0 0 12 450 0 0 2 0 4 0 0 0 0 0 4 0 0 3 0 0 280 0 160 436 0 0 810 0 0 25664 0 0 0 1177 8 0 0 0 0 0 0 6 59 0 0 1 0 0 0 0 9 0 0 0 0 0 0 0 5 0 0 1 0 0 320 0 492 0 7 0 0 0 275 0 203 0 3 0 0 0 0 0 0 1 0 0 0 0 0 0 0 0 0 172 0 0 0 8 0 0 0 5 0 1 0 0 0 0 0 0 0 0 0 1 0 0 1 0 0 0 0 0 0 0 0 0 0 
0 6 0 0 13 638 0 0 2 0 13 0 0 0 0 0 3 0 0 1 0 0 263 0 281 370 0 0 596 0 0 35373 0 0 0 1362 11 0 0 0 0 0 0 1 59 0 0 1 0 0 0 0 5 0 0 0 0 0 0 0 7 0 0 0 0 0 906 0 252 0 19 0 0 0 876 0 227 0 14 0 0 0 0 0 0 2 0 0 0 0 0 2 0 0 0 507 0 0 0 10 0 0 0 11 0 4 0 0 0 0 0 0 0 0 0 4 0 0 0 0 0 0 0 0 0 12 0 0 0 
0 4 0 0 15 435 0 0 1 0 6 0 0 0 0 0 6 0 0 3 0 0 129 0 216 605 0 0 437 0 0 24019 0 0 0 1387 15 0 0 0 0 0 0 2 23 0 0 0 0 0 0 0 8 0 0 0 0 0 0 0 10 0 0 0 0 0 417 0 268 0 9 0 0 0 445 0 322 0 8 0 0 0 0 0 0 0 0 0 0 0 0 1 0 0 0 234 0 0 0 12 0 0 0 5 0 2 0 0 0 0 0 0 0 0 0 7 0 0 1 0 0 0 0 0 0 2 0 0 0 
0 5 0 0 11 523 0 0 4 0 6 0 0 0 0 0 3 0 0 9 0 0 528 0 182 348 0 0 945 0 0 28241 0 0 0 1070 5 0 0 0 0 0 0 7 121 0 0 0 0 0 0 0 10 0 0 0 0 0 0 0 4 0 0 3 0 0 419 0 543 0 7 0 0 0 453 0 156 0 4 0 0 0 0 0 0 2 0 0 0 0 0 2 0 0 0 218 0 0 0 9 0 0 0 6 0 2 0 0 0 0 0 0 0 0 0 1 0 0 1 0 0 0 0 0 0 0 0 0 0 
0 2 0 0 13 260 0 0 0 0 1 0 0 0 0 0 2 0 0 0 0 0 0 0 75 456 0 0 362 0 0 16508 0 0 0 1327 21 0 0 0 0 0 0 0 0 0 0 0 0 0 0 0 12 0 0 0 0 0 0 0 17 0 0 0 0 0 75 0 287 0 2 0 0 0 68 0 332 0 1 0 0 0 0 0 0 0 0 0 0 0 0 0 0 0 0 56 0 0 0 5 0 0 0 2 0 0 0 0 0 0 0 0 0 0 0 2 0 0 0 0 0 0 0 0 0 0 0 0 0 
0 5 0 0 15 208 0 0 6 0 6 0 0 0 0 0 24 0 0 21 0 0 193 0 131 1173 0 0 542 0 4 9288 0 0 0 508 6 0 0 0 0 0 0 3 16 0 0 6 0 0 0 0 10 0 0 0 0 0 0 0 10 0 0 0 0 0 506 0 266 0 10 0 0 0 294 0 132 0 7 0 0 0 0 0 0 6 0 0 0 0 0 1 0 0 0 42 0 0 0 8 0 0 0 4 0 6 0 0 0 0 0 0 0 0 0 3 0 0 0 0 0 0 0 0 0 0 0 0 0 
0 4 0 0 12 198 0 0 3 0 5 0 0 0 0 0 17 0 0 8 0 0 110 0 121 959 0 0 417 0 1 9360 0 0 0 486 4 0 0 0 0 0 0 0 10 0 0 5 0 0 0 0 8 0 0 0 0 0 0 0 9 0 0 0 0 0 384 0 271 0 7 0 0 0 290 0 126 0 6 0 0 0 0 0 0 3 0 0 0 0 0 1 0 0 0 37 0 0 0 6 0 0 0 4 0 4 0 0 0 0 0 0 0 0 0 3 0 0 0 0 0 0 0 0 0 0 0 0 0 
0 5 0 0 14 271 0 0 6 0 5 0 0 0 0 0 15 0 0 20 0 0 407 0 198 920 0 0 840 0 2 11964 0 0 0 662 7 0 0 0 0 0 0 5 49 0 0 3 0 0 0 0 13 0 0 0 0 0 0 0 8 0 0 5 0 0 434 0 357 0 10 0 0 0 184 0 121 0 6 0 0 0 0 0 0 3 0 0 0 0 0 1 0 0 0 48 0 0 0 7 0 0 0 3 0 2 0 0 0 0 0 0 0 0 0 3 0 0 0 0 0 0 0 0 0 0 0 0 0 
0 4 0 0 13 445 0 0 1 0 6 0 0 0 0 0 8 0 0 1 0 0 129 0 233 519 0 0 518 0 0 24944 0 0 0 1221 12 0 0 0 0 0 0 0 29 0 0 1 0 0 0 0 7 0 0 0 0 0 0 0 10 0 0 0 0 0 388 0 248 0 7 0 0 0 415 0 327 0 9 0 0 0 0 0 0 0 0 0 0 0 0 1 0 0 0 275 0 0 0 10 0 0 0 6 0 2 0 0 0 0 0 0 0 0 0 6 0 0 1 0 0 0 0 0 0 2 0 0 0 
0 5 0 0 15 545 0 0 1 0 9 0 0 0 0 0 3 0 0 1 0 0 152 0 214 504 0 0 589 0 0 31079 0 0 0 1520 16 0 0 0 0 0 0 2 34 0 0 1 0 0 0 0 7 0 0 0 0 0 0 0 8 0 0 0 0 0 623 0 348 0 15 0 0 0 649 0 284 0 10 0 0 0 0 0 0 1 0 0 0 0 0 1 0 0 0 336 0 0 0 12 0 0 0 9 0 1 0 0 0 0 0 0 0 0 0 5 0 0 0 0 0 0 0 0 0 7 0 0 0 
0 4 0 0 8 391 0 0 2 0 4 0 0 0 0 0 5 0 0 7 0 0 243 0 282 234 0 0 848 0 0 19514 0 0 0 778 6 0 0 0 0 0 0 1 67 0 0 0 0 0 0 0 11 0 0 0 0 0 0 0 4 0 0 1 0 0 298 0 400 0 9 0 0 0 220 0 135 0 0 0 0 0 0 0 0 0 0 0 0 0 0 2 0 0 0 136 0 0 0 4 0 0 0 3 0 0 0 0 0 0 0 0 0 0 0 0 0 0 0 0 0 0 0 0 0 1 0 0 0 
0 1 0 0 5 136 0 0 0 0 0 0 0 0 0 0 0 0 0 0 0 0 0 0 49 106 0 0 331 0 0 8881 0 0 0 591 6 0 0 0 0 0 0 0 0 0 0 0 0 0 0 0 11 0 0 0 0 0 0 0 4 0 0 0 0 0 0 0 300 0 0 0 0 0 0 0 76 0 0 0 0 0 0 0 0 0 0 0 0 0 0 0 0 0 0 0 0 0 0 0 0 0 0 0 0 0 0 0 0 0 0 0 0 0 0 0 0 0 0 0 0 0 0 0 0 0 0 0 0 
0 5 0 0 13 558 0 0 2 0 9 0 0 0 0 0 5 0 0 7 0 0 249 0 229 319 0 0 606 0 0 32075 0 0 0 1349 11 0 0 0 0 0 0 0 61 0 0 0 0 0 0 0 7 0 0 0 0 0 0 0 6 0 0 1 0 0 613 0 365 0 8 0 0 0 711 0 231 0 11 0 0 0 0 0 0 0 0 0 0 0 0 3 0 0 0 369 0 0 0 14 0 0 0 8 0 2 0 0 0 0 0 0 0 0 0 5 0 0 2 0 0 0 0 0 0 5 0 0 0 
0 7 0 0 12 703 0 0 6 0 16 0 0 0 0 0 6 0 0 11 0 0 683 0 215 289 0 0 614 0 2 37634 0 0 0 1152 6 0 0 0 0 0 0 2 157 0 0 0 0 0 0 0 3 0 0 0 0 0 0 0 2 0 0 5 0 0 1064 0 252 0 14 0 0 0 1146 0 148 0 16 0 0 0 0 0 0 2 0 0 0 0 0 7 0 0 0 606 0 0 0 12 0 0 0 10 0 7 0 0 0 0 0 0 0 0 0 6 0 0 4 0 0 0 0 0 0 13 0 0 0 
0 5 0 0 15 542 0 0 1 0 9 0 0 0 0 0 6 0 0 2 0 0 104 0 252 503 0 0 562 0 0 31233 0 0 0 1436 15 0 0 0 0 0 0 1 22 0 0 0 0 0 0 0 5 0 0 0 0 0 0 0 7 0 0 0 0 0 614 0 278 0 13 0 0 0 621 0 277 0 13 0 0 0 0 0 0 1 0 0 0 0 0 1 0 0 0 386 0 0 0 10 0 0 0 10 0 1 0 0 0 0 0 0 0 0 0 7 0 0 1 0 0 0 0 0 0 6 0 0 0 
3 5 0 13 15 472 3 8 3 0 7 0 2 0 0 36 9 0 16 2 13 75 308 8 223 736 1295 0 645 7 1 24288 1 0 12 1201 14 5 0 0 0 1 0 6 57 4 19 2 0 0 0 0 4 0 0 0 0 0 0 17 8 0 4 0 0 102 382 0 286 7 7 0 0 0 514 2 315 0 9 4 0 0 0 0 0 1 0 0 0 0 0 3 0 0 1 276 0 4 0 9 0 0 0 10 0 2 1 0 0 0 0 0 0 0 0 8 0 0 0 0 0 0 0 0 0 3 0 0 0 
7 3 187 13 5 290 17 13 0 2 3 4 5 392 42 16 9 107 11 0 27 409 0 50 223 264 1140 611 651 8 0 14608 19 9919 23 397 1 0 330 0 12 4 4 0 0 5 9 0 0 143 131 5 4 2 2 0 4 105 134 9 1 4 4 0 0 479 203 12 387 4 3 1 292 344 204 15 109 4 1 0 38 1 3 1 1 0 6 0 0 2 0 0 2 0 3 85 2 3 52 4 2 3 55 2 2 0 3 4 0 0 0 2 0 26 3 0 4 0 1 1 0 0 0 1 0 0 1 0 0 
0 5 0 0 13 383 0 0 2 0 8 0 0 0 0 0 8 0 0 8 0 0 220 0 208 647 0 0 822 0 0 20366 0 0 0 959 10 0 0 0 0 0 0 3 12 0 0 0 0 0 0 0 9 0 0 0 0 0 0 0 5 0 0 0 0 0 681 0 437 0 15 0 0 0 291 0 164 0 5 0 0 0 0 0 0 1 0 0 0 0 0 1 0 0 0 150 0 0 0 8 0 0 0 7 0 4 0 0 0 0 0 0 0 0 0 4 0 0 0 0 0 0 0 0 0 4 0 0 0 
0 2 0 0 8 273 0 0 0 0 1 0 0 0 0 0 1 0 0 0 0 0 0 0 86 201 0 0 565 0 0 18066 0 0 0 943 8 0 0 0 0 0 0 0 0 0 0 0 0 0 0 0 11 0 0 0 0 0 0 0 5 0 0 0 0 0 68 0 435 0 2 0 0 0 71 0 134 0 1 0 0 0 0 0 0 0 0 0 0 0 0 0 0 0 0 65 0 0 0 2 0 0 0 3 0 0 0 0 0 0 0 0 0 0 0 0 0 0 0 0 0 0 0 0 0 0 0 0 0 
0 3 0 0 7 307 0 0 2 0 1 0 0 0 0 0 3 0 0 7 0 0 243 0 187 202 0 0 852 0 0 16065 0 0 0 702 6 0 0 0 0 0 0 1 69 0 0 0 0 0 0 0 12 0 0 0 0 0 0 0 4 0 0 1 0 0 66 0 412 0 3 0 0 0 29 0 130 0 0 0 0 0 0 0 0 0 0 0 0 0 0 0 0 0 0 68 0 0 0 1 0 0 0 2 0 0 0 0 0 0 0 0 0 0 0 0 0 0 0 0 0 0 0 0 0 0 0 0 0 
12 6 29 59 12 615 64 20 4 0 11 2 13 10 102 106 3 30 39 7 9 768 443 184 180 309 6024 260 653 11 1 33342 201 406 252 1208 9 34 55 0 43 18 1 3 105 15 51 0 0 0 0 0 4 0 0 0 0 0 16 93 7 1 6 2 4 1237 685 18 296 18 12 10 0 58 801 123 197 4 10 8 3 0 1 0 0 1 13 0 0 0 0 6 0 6 9 461 1 15 12 11 0 0 0 12 0 2 1 0 0 0 0 0 0 0 2 3 18 0 0 0 0 0 0 0 0 8 0 6 0 
0 4 0 0 14 490 0 0 0 0 6 0 0 0 0 0 3 0 0 0 0 0 0 0 231 404 0 0 592 0 0 29973 0 0 0 1509 17 0 0 0 0 0 0 0 0 0 0 0 0 0 0 0 8 0 0 0 0 0 0 0 11 0 0 0 0 0 441 0 295 0 10 0 0 0 379 0 303 0 8 0 0 0 0 0 0 0 0 0 0 0 0 0 0 0 0 320 0 0 0 9 0 0 0 8 0 0 0 0 0 0 0 0 0 0 0 4 0 0 0 0 0 0 0 0 0 4 0 0 0 
0 6 0 0 14 615 0 0 4 0 11 0 0 0 0 0 6 0 0 11 0 0 444 0 232 425 0 0 670 0 1 33821 0 0 0 1304 10 0 0 0 0 0 0 2 102 0 0 0 0 0 0 0 4 0 0 0 0 0 0 0 6 0 0 2 0 0 703 0 318 0 11 0 0 0 825 0 220 0 14 0 0 0 0 0 0 1 0 0 0 0 0 5 0 0 0 442 0 0 0 11 0 0 0 12 0 3 0 0 0 0 0 0 0 0 0 6 0 0 1 0 0 0 0 0 0 7 0 0 0 
0 4 0 0 10 424 0 0 1 0 5 0 0 0 0 0 2 0 0 1 0 0 152 0 194 324 0 0 817 0 0 23619 0 0 0 1041 8 0 0 0 0 0 0 2 35 0 0 1 0 0 0 0 8 0 0 0 0 0 0 0 6 0 0 0 0 0 378 0 482 0 12 0 0 0 322 0 149 0 3 0 0 0 0 0 0 1 0 0 0 0 0 0 0 0 0 170 0 0 0 4 0 0 0 6 0 1 0 0 0 0 0 0 0 0 0 0 0 0 0 0 0 0 0 0 0 2 0 0 0 
0 3 0 0 10 326 0 0 0 0 3 0 0 0 0 0 6 0 0 0 0 0 0 0 156 329 0 0 636 0 0 19353 0 0 0 969 8 0 0 0 0 0 0 0 0 0 0 0 0 0 0 0 10 0 0 0 0 0 0 0 4 0 0 0 0 0 214 0 443 0 5 0 0 0 214 0 134 0 5 0 0 0 0 0 0 0 0 0 0 0 0 0 0 0 0 109 0 0 0 3 0 0 0 4 0 0 0 0 0 0 0 0 0 0 0 2 0 0 1 0 0 0 0 0 0 0 0 0 0 
0 3 0 0 13 355 0 0 0 0 3 0 0 0 0 0 5 0 0 0 0 0 0 0 195 486 0 0 484 0 0 20963 0 0 0 1284 16 0 0 0 0 0 0 0 0 0 0 0 0 0 0 0 10 0 0 0 0 0 0 0 15 0 0 0 0 0 196 0 258 0 5 0 0 0 182 0 343 0 6 0 0 0 0 0 0 0 0 0 0 0 0 0 0 0 0 163 0 0 0 6 0 0 0 4 0 0 0 0 0 0 0 0 0 0 0 3 0 0 0 0 0 0 0 0 0 1 0 0 0 
0 5 0 0 16 252 0 0 6 0 5 0 0 0 0 0 22 0 0 23 0 0 331 0 187 1099 0 0 726 0 4 12268 0 0 0 748 7 0 0 0 0 0 0 8 11 0 0 3 0 0 0 0 10 0 0 0 0 0 0 0 11 0 0 0 0 0 484 0 309 0 13 0 0 0 196 0 128 0 5 0 0 0 0 0 0 6 0 0 0 0 0 0 0 0 0 53 0 0 0 8 0 0 0 3 0 3 0 0 0 0 0 0 0 0 0 3 0 0 0 0 0 0 0 0 0 0 0 0 0 
0 3 0 0 8 368 0 0 0 0 3 0 0 0 0 0 1 0 0 0 0 0 0 0 211 201 0 0 727 0 0 22491 0 0 0 937 8 0 0 0 0 0 0 0 0 0 0 0 0 0 0 0 9 0 0 0 0 0 0 0 5 0 0 0 0 0 219 0 395 0 8 0 0 0 145 0 134 0 1 0 0 0 0 0 0 0 0 0 0 0 0 0 0 0 0 184 0 0 0 2 0 0 0 5 0 0 0 0 0 0 0 0 0 0 0 0 0 0 0 0 0 0 0 0 0 1 0 0 0 
0 4 0 0 14 238 0 0 4 0 3 0 0 0 0 0 12 0 0 16 0 0 340 0 162 846 0 0 578 0 1 12402 0 0 0 728 8 0 0 0 0 0 0 8 3 0 0 3 0 0 0 0 11 0 0 0 0 0 0 0 12 0 0 3 0 0 235 0 327 0 5 0 0 0 189 0 126 0 3 0 0 0 0 0 0 1 0 0 0 0 0 0 0 0 0 34 0 0 0 4 0 0 0 3 0 1 0 0 0 0 0 0 0 0 0 2 0 0 0 0 0 0 0 0 0 0 0 0 0 
0 4 0 0 8 442 0 0 2 0 4 0 0 0 0 0 2 0 0 7 0 0 243 0 223 163 0 0 929 0 0 25118 0 0 0 896 6 0 0 0 0 0 0 0 68 0 0 0 0 0 0 0 10 0 0 0 0 0 0 0 5 0 0 1 0 0 268 0 469 0 7 0 0 0 257 0 109 0 2 0 0 0 0 0 0 0 0 0 0 0 0 1 0 0 0 209 0 0 0 2 0 0 0 6 0 1 0 0 0 0 0 0 0 0 0 0 0 0 0 0 0 0 0 0 0 1 0 0 0 
88 4 187 274 8 264 3765 95 2 1 4 63 77 250 276 409 2 29 127 6 109 5601 185 6008 86 269 16980 11424 252 15 0 9855 105222 6227 9365 485 4 99 310 5 101 106 81 1 49 1001 70 0 9 76 24 49 3 2 0 1 1 130 196 233 3 14 27 1 26 5827 238 3624 98 156 5 99 84 4491 83 4750 107 107 2 58 98 2 5 0 0 0 32 3 0 2 0 2 25 18 866 92 815 85 122 3 58 5 23 3 30 0 21 28 18 0 2 1 0 49 88 2 12 3 0 0 0 0 0 0 0 1 39 20 14 
0 4 0 0 9 166 0 0 3 0 6 0 0 0 0 0 16 0 0 10 0 0 54 0 94 776 0 0 394 0 1 8692 0 0 0 274 1 0 0 0 0 0 0 0 6 0 0 2 0 0 0 0 5 0 0 0 0 0 0 0 5 0 0 0 0 0 404 0 283 0 3 0 0 0 404 0 70 0 3 0 0 0 0 0 0 3 0 0 0 0 0 3 0 0 0 22 0 0 0 6 0 0 0 6 0 6 0 0 0 0 0 0 0 0 0 4 0 0 0 0 0 0 0 0 0 0 0 0 0 
0 5 0 0 14 315 0 0 6 0 5 0 0 0 0 0 14 0 0 15 0 0 518 0 222 941 0 0 819 0 2 13440 0 0 0 706 8 0 0 0 0 0 0 4 59 0 0 7 0 0 0 0 9 0 0 0 0 0 0 0 7 0 0 5 0 0 339 0 391 0 4 0 0 0 285 0 135 0 5 0 0 0 0 0 0 1 0 0 0 0 0 2 0 0 0 68 0 0 0 5 0 0 0 6 0 3 0 0 0 0 0 0 0 0 0 5 0 0 0 0 0 0 0 0 0 0 0 0 0 
0 3 0 0 11 359 0 0 1 0 2 0 0 0 0 0 2 0 0 1 0 0 152 0 108 362 0 0 695 0 0 21645 0 0 0 1156 9 0 0 0 0 0 0 3 35 0 0 1 0 0 0 0 10 0 0 0 0 0 0 0 7 0 0 0 0 0 167 0 463 0 6 0 0 0 125 0 178 0 2 0 0 0 0 0 0 1 0 0 0 0 0 0 0 0 0 97 0 0 0 4 0 0 0 4 0 0 0 0 0 0 0 0 0 0 0 0 0 0 0 0 0 0 0 0 0 0 0 0 0 
0 2 0 0 13 260 0 0 0 0 1 0 0 0 0 0 2 0 0 0 0 0 0 0 75 456 0 0 362 0 0 16508 0 0 0 1327 21 0 0 0 0 0 0 0 0 0 0 0 0 0 0 0 12 0 0 0 0 0 0 0 17 0 0 0 0 0 75 0 287 0 2 0 0 0 68 0 332 0 1 0 0 0 0 0 0 0 0 0 0 0 0 0 0 0 0 56 0 0 0 5 0 0 0 2 0 0 0 0 0 0 0 0 0 0 0 2 0 0 0 0 0 0 0 0 0 0 0 0 0 
0 6 0 0 11 622 0 0 3 0 13 0 0 0 0 0 4 0 0 6 0 0 345 0 269 275 0 0 616 0 0 34044 0 0 0 1127 8 0 0 0 0 0 0 2 81 0 0 0 0 0 0 0 6 0 0 0 0 0 0 0 4 0 0 3 0 0 830 0 343 0 13 0 0 0 1018 0 164 0 12 0 0 0 0 0 0 0 0 0 0 0 0 5 0 0 0 478 0 0 0 14 0 0 0 8 0 2 0 0 0 0 0 0 0 0 0 2 0 0 3 0 0 0 0 0 0 11 0 0 0 
0 4 0 0 8 434 0 0 1 0 5 0 0 0 0 0 2 0 0 0 0 0 111 0 243 231 0 0 897 0 0 24533 0 0 0 874 7 0 0 0 0 0 0 1 26 0 0 0 0 0 0 0 7 0 0 0 0 0 0 0 4 0 0 0 0 0 360 0 432 0 11 0 0 0 292 0 124 0 2 0 0 0 0 0 0 1 0 0 0 0 0 0 0 0 0 240 0 0 0 3 0 0 0 7 0 1 0 0 0 0 0 0 0 0 0 0 0 0 0 0 0 0 0 0 0 2 0 0 0 
14 3 129 32 12 348 86 23 0 2 3 5 7 220 0 119 5 46 19 0 38 753 0 227 192 469 3641 1026 433 11 0 20106 314 8101 160 1134 12 0 442 0 0 9 6 0 0 19 19 0 0 97 133 16 10 1 5 0 7 0 0 28 15 2 3 0 10 854 188 40 241 22 5 0 155 636 182 64 332 16 6 0 65 0 0 5 0 0 10 0 0 2 0 0 4 0 10 160 10 8 0 6 0 8 121 2 0 0 6 9 0 0 2 0 0 0 0 3 0 2 0 0 0 0 1 0 0 1 0 3 0 
0 4 0 0 11 374 0 0 1 0 5 0 0 0 0 0 3 0 0 2 0 0 80 0 194 453 0 0 785 0 0 20533 0 0 0 944 10 0 0 0 0 0 0 2 11 0 0 0 0 0 0 0 10 0 0 0 0 0 0 0 4 0 0 0 0 0 446 0 442 0 11 0 0 0 261 0 163 0 3 0 0 0 0 0 0 1 0 0 0 0 0 0 0 0 0 151 0 0 0 6 0 0 0 5 0 1 0 0 0 0 0 0 0 0 0 2 0 0 0 0 0 0 0 0 0 2 0 0 0 
0 3 0 0 11 359 0 0 1 0 2 0 0 0 0 0 2 0 0 1 0 0 152 0 108 362 0 0 695 0 0 21645 0 0 0 1156 9 0 0 0 0 0 0 3 35 0 0 1 0 0 0 0 10 0 0 0 0 0 0 0 7 0 0 0 0 0 167 0 463 0 6 0 0 0 125 0 178 0 2 0 0 0 0 0 0 1 0 0 0 0 0 0 0 0 0 97 0 0 0 4 0 0 0 4 0 0 0 0 0 0 0 0 0 0 0 0 0 0 0 0 0 0 0 0 0 0 0 0 0 
0 4 0 0 14 461 0 0 0 0 6 0 0 0 0 0 5 0 0 0 0 0 0 0 193 460 0 0 598 0 0 27615 0 0 0 1448 17 0 0 0 0 0 0 0 0 0 0 0 0 0 0 0 8 0 0 0 0 0 0 0 9 0 0 0 0 0 407 0 374 0 8 0 0 0 456 0 296 0 8 0 0 0 0 0 0 0 0 0 0 0 0 0 0 0 0 254 0 0 0 11 0 0 0 8 0 0 0 0 0 0 0 0 0 0 0 4 0 0 0 0 0 0 0 0 0 4 0 0 0 
0 2 0 0 6 232 0 0 0 0 1 0 0 0 0 0 3 0 0 0 0 0 0 0 174 191 0 0 538 0 0 13390 0 0 0 632 6 0 0 0 0 0 0 0 0 0 0 0 0 0 0 0 9 0 0 0 0 0 0 0 4 0 0 0 0 0 66 0 312 0 3 0 0 0 29 0 129 0 0 0 0 0 0 0 0 0 0 0 0 0 0 0 0 0 0 68 0 0 0 1 0 0 0 2 0 0 0 0 0 0 0 0 0 0 0 0 0 0 0 0 0 0 0 0 0 0 0 0 0 
0 4 0 0 14 439 0 0 0 0 6 0 0 0 0 0 7 0 0 0 0 0 0 0 285 521 0 0 456 0 0 24415 0 0 0 1336 13 0 0 0 0 0 0 0 0 0 0 0 0 0 0 0 9 0 0 0 0 0 0 0 13 0 0 0 0 0 425 0 233 0 11 0 0 0 397 0 333 0 11 0 0 0 0 0 0 0 0 0 0 0 0 0 0 0 0 243 0 0 0 8 0 0 0 5 0 0 0 0 0 0 0 0 0 0 0 4 0 0 0 0 0 0 0 0 0 4 0 0 0 
0 6 0 0 12 513 0 0 3 0 13 0 0 0 0 0 6 0 0 2 0 0 286 0 331 484 0 0 566 0 0 26123 0 0 0 1108 6 0 0 0 0 0 0 1 25 0 0 0 0 0 0 0 7 0 0 0 0 0 0 0 11 0 0 2 0 0 975 0 236 0 24 0 0 0 729 0 290 0 17 0 0 0 0 0 0 4 0 0 0 0 0 1 0 0 0 329 0 0 0 8 0 0 0 5 0 5 0 0 0 0 0 0 0 0 0 4 0 0 2 0 0 0 0 0 0 10 0 0 0 
0 2 0 0 8 273 0 0 0 0 1 0 0 0 0 0 1 0 0 0 0 0 0 0 86 201 0 0 565 0 0 18066 0 0 0 943 8 0 0 0 0 0 0 0 0 0 0 0 0 0 0 0 11 0 0 0 0 0 0 0 5 0 0 0 0 0 68 0 435 0 2 0 0 0 71 0 134 0 1 0 0 0 0 0 0 0 0 0 0 0 0 0 0 0 0 65 0 0 0 2 0 0 0 3 0 0 0 0 0 0 0 0 0 0 0 0 0 0 0 0 0 0 0 0 0 0 0 0 0 
0 5 0 0 10 432 0 0 4 0 6 0 0 0 0 0 9 0 0 9 0 0 484 0 218 492 0 0 1020 0 1 20506 0 0 0 792 5 0 0 0 0 0 0 4 122 0 0 1 0 0 0 0 9 0 0 0 0 0 0 0 4 0 0 2 0 0 460 0 428 0 8 0 0 0 220 0 210 0 1 0 0 0 0 0 0 0 0 0 0 0 0 4 0 0 0 156 0 0 0 6 0 0 0 6 0 1 0 0 0 0 0 0 0 0 0 2 0 0 0 0 0 0 0 0 0 2 0 0 0 
9 3 0 18 8 359 36 7 0 0 3 0 9 0 0 51 1 0 4 0 12 310 0 54 209 200 2145 0 698 0 0 21415 84 0 49 917 8 0 0 0 0 1 0 0 0 1 11 0 0 0 0 0 9 0 0 0 0 0 0 12 5 0 2 0 1 1072 215 0 383 20 8 0 0 0 137 46 134 0 1 0 0 0 0 0 0 0 3 0 0 0 0 0 0 0 13 181 0 4 0 2 0 0 0 5 0 0 0 0 0 0 0 0 0 0 0 0 8 0 0 0 0 0 0 0 0 1 0 3 0 
98 2 236 74 6 151 4671 125 0 2 1 82 122 185 66 171 0 107 13 0 99 5209 0 8575 22 133 5667 17407 128 55 0 5650 145361 6543 1384 392 2 0 473 1 30 50 84 0 0 1559 42 0 50 122 18 58 5 5 0 0 3 149 263 12 4 23 27 0 17 8901 35 5611 65 298 1 12 60 5071 54 4321 56 183 1 0 117 1 3 0 0 0 52 8 0 0 1 0 77 0 3637 29 1054 33 109 2 49 0 10 2 133 0 66 19 7 0 1 0 0 31 58 0 17 2 0 0 0 0 0 1 1 0 87 36 13 
0 3 0 0 13 355 0 0 0 0 3 0 0 0 0 0 5 0 0 0 0 0 0 0 195 486 0 0 484 0 0 20963 0 0 0 1284 16 0 0 0 0 0 0 0 0 0 0 0 0 0 0 0 10 0 0 0 0 0 0 0 15 0 0 0 0 0 196 0 258 0 5 0 0 0 182 0 343 0 6 0 0 0 0 0 0 0 0 0 0 0 0 0 0 0 0 163 0 0 0 6 0 0 0 4 0 0 0 0 0 0 0 0 0 0 0 3 0 0 0 0 0 0 0 0 0 1 0 0 0 
0 4 0 0 16 448 0 0 0 0 6 0 0 0 0 0 7 0 0 0 0 0 0 0 178 558 0 0 486 0 0 26861 0 0 0 1525 19 0 0 0 0 0 0 0 0 0 0 0 0 0 0 0 7 0 0 0 0 0 0 0 8 0 0 0 0 0 410 0 358 0 8 0 0 0 463 0 318 0 10 0 0 0 0 0 0 0 0 0 0 0 0 0 0 0 0 229 0 0 0 11 0 0 0 8 0 0 0 0 0 0 0 0 0 0 0 7 0 0 1 0 0 0 0 0 0 3 0 0 0 
0 5 0 0 12 549 0 0 0 0 11 0 0 0 0 0 5 0 0 0 0 0 0 0 291 353 0 0 509 0 0 31456 0 0 0 1259 12 0 0 0 0 0 0 0 0 0 0 0 0 0 0 0 7 0 0 0 0 0 0 0 5 0 0 0 0 0 741 0 303 0 15 0 0 0 814 0 221 0 13 0 0 0 0 0 0 0 0 0 0 0 0 0 0 0 0 422 0 0 0 13 0 0 0 6 0 0 0 0 0 0 0 0 0 0 0 3 0 0 3 0 0 0 0 0 0 10 0 0 0 
0 3 0 0 8 368 0 0 0 0 3 0 0 0 0 0 1 0 0 0 0 0 0 0 211 201 0 0 727 0 0 22491 0 0 0 937 8 0 0 0 0 0 0 0 0 0 0 0 0 0 0 0 9 0 0 0 0 0 0 0 5 0 0 0 0 0 219 0 395 0 8 0 0 0 145 0 134 0 1 0 0 0 0 0 0 0 0 0 0 0 0 0 0 0 0 184 0 0 0 2 0 0 0 5 0 0 0 0 0 0 0 0 0 0 0 0 0 0 0 0 0 0 0 0 0 1 0 0 0 
0 3 0 0 8 368 0 0 0 0 3 0 0 0 0 0 1 0 0 0 0 0 0 0 211 201 0 0 727 0 0 22491 0 0 0 937 8 0 0 0 0 0 0 0 0 0 0 0 0 0 0 0 9 0 0 0 0 0 0 0 5 0 0 0 0 0 219 0 395 0 8 0 0 0 145 0 134 0 1 0 0 0 0 0 0 0 0 0 0 0 0 0 0 0 0 184 0 0 0 2 0 0 0 5 0 0 0 0 0 0 0 0 0 0 0 0 0 0 0 0 0 0 0 0 0 1 0 0 0 
0 5 0 0 13 555 0 0 1 0 9 0 0 0 0 0 4 0 0 0 0 0 111 0 261 405 0 0 674 0 0 31987 0 0 0 1359 13 0 0 0 0 0 0 1 25 0 0 0 0 0 0 0 6 0 0 0 0 0 0 0 8 0 0 0 0 0 611 0 294 0 13 0 0 0 614 0 255 0 11 0 0 0 0 0 0 1 0 0 0 0 0 1 0 0 0 411 0 0 0 10 0 0 0 10 0 1 0 0 0 0 0 0 0 0 0 4 0 0 0 0 0 0 0 0 0 7 0 0 0 
0 4 0 0 8 390 0 0 2 0 4 0 0 0 0 0 9 0 0 0 0 0 239 0 247 383 0 0 915 0 0 19540 0 0 0 681 5 0 0 0 0 0 0 3 56 0 0 1 0 0 0 0 6 0 0 0 0 0 0 0 2 0 0 1 0 0 270 0 425 0 6 0 0 0 236 0 193 0 1 0 0 0 0 0 0 1 0 0 0 0 0 0 0 0 0 153 0 0 0 7 0 0 0 5 0 1 0 0 0 0 0 0 0 0 0 0 0 0 1 0 0 0 0 0 0 0 0 0 0 
0 2 0 0 7 228 0 0 0 0 1 0 0 0 0 0 7 0 0 0 0 0 0 0 151 277 0 0 501 0 0 12996 0 0 0 664 5 0 0 0 0 0 0 0 0 0 0 0 0 0 0 0 9 0 0 0 0 0 0 0 4 0 0 0 0 0 56 0 371 0 0 0 0 0 99 0 143 0 1 0 0 0 0 0 0 0 0 0 0 0 0 0 0 0 0 35 0 0 0 3 0 0 0 3 0 0 0 0 0 0 0 0 0 0 0 0 0 0 0 0 0 0 0 0 0 0 0 0 0 
0 5 0 0 13 579 0 0 1 0 10 0 0 0 0 0 4 0 0 1 0 0 129 0 269 342 0 0 574 0 0 33859 0 0 0 1393 13 0 0 0 0 0 0 0 29 0 0 0 0 0 0 0 6 0 0 0 0 0 0 0 6 0 0 0 0 0 728 0 245 0 14 0 0 0 664 0 247 0 11 0 0 0 0 0 0 1 0 0 0 0 0 1 0 0 0 470 0 0 0 12 0 0 0 8 0 2 0 0 0 0 0 0 0 0 0 6 0 0 2 0 0 0 0 0 0 7 0 0 0 
0 3 0 0 8 324 0 0 1 0 2 0 0 0 0 0 9 0 0 1 0 0 129 0 214 360 0 0 707 0 0 17505 0 0 0 706 5 0 0 0 0 0 0 1 30 0 0 1 0 0 0 0 7 0 0 0 0 0 0 0 4 0 0 0 0 0 122 0 383 0 2 0 0 0 127 0 196 0 1 0 0 0 0 0 0 0 0 0 0 0 0 0 0 0 0 103 0 0 0 4 0 0 0 5 0 1 0 0 0 0 0 0 0 0 0 0 0 0 0 0 0 0 0 0 0 0 0 0 0 
0 5 0 0 13 579 0 0 1 0 10 0 0 0 0 0 4 0 0 1 0 0 129 0 269 342 0 0 574 0 0 33859 0 0 0 1393 13 0 0 0 0 0 0 0 29 0 0 0 0 0 0 0 6 0 0 0 0 0 0 0 6 0 0 0 0 0 728 0 245 0 14 0 0 0 664 0 247 0 11 0 0 0 0 0 0 1 0 0 0 0 0 1 0 0 0 470 0 0 0 12 0 0 0 8 0 2 0 0 0 0 0 0 0 0 0 6 0 0 2 0 0 0 0 0 0 7 0 0 0 
0 2 0 0 8 273 0 0 0 0 1 0 0 0 0 0 1 0 0 0 0 0 0 0 86 201 0 0 565 0 0 18066 0 0 0 943 8 0 0 0 0 0 0 0 0 0 0 0 0 0 0 0 11 0 0 0 0 0 0 0 5 0 0 0 0 0 68 0 435 0 2 0 0 0 71 0 134 0 1 0 0 0 0 0 0 0 0 0 0 0 0 0 0 0 0 65 0 0 0 2 0 0 0 3 0 0 0 0 0 0 0 0 0 0 0 0 0 0 0 0 0 0 0 0 0 0 0 0 0 
0 4 0 0 10 377 0 0 2 0 4 0 0 0 0 0 15 0 0 2 0 0 232 0 237 529 0 0 774 0 0 18835 0 0 0 732 6 0 0 0 0 0 0 2 53 0 0 2 0 0 0 0 3 0 0 0 0 0 0 0 3 0 0 1 0 0 225 0 394 0 2 0 0 0 272 0 198 0 4 0 0 0 0 0 0 0 0 0 0 0 0 0 0 0 0 144 0 0 0 4 0 0 0 9 0 2 0 0 0 0 0 0 0 0 0 2 0 0 0 0 0 0 0 0 0 1 0 0 0 
0 5 0 0 13 512 0 0 2 0 8 0 0 0 0 0 6 0 0 7 0 0 243 0 298 440 0 0 611 0 0 27000 0 0 0 1248 9 0 0 0 0 0 0 1 65 0 0 0 0 0 0 0 10 0 0 0 0 0 0 0 11 0 0 1 0 0 517 0 276 0 12 0 0 0 556 0 280 0 11 0 0 0 0 0 0 0 0 0 0 0 0 4 0 0 0 295 0 0 0 10 0 0 0 6 0 0 0 0 0 0 0 0 0 0 0 3 0 0 0 0 0 0 0 0 0 5 0 0 0 
0 4 0 0 8 434 0 0 1 0 5 0 0 0 0 0 2 0 0 0 0 0 111 0 243 231 0 0 897 0 0 24533 0 0 0 874 7 0 0 0 0 0 0 1 26 0 0 0 0 0 0 0 7 0 0 0 0 0 0 0 4 0 0 0 0 0 360 0 432 0 11 0 0 0 292 0 124 0 2 0 0 0 0 0 0 1 0 0 0 0 0 0 0 0 0 240 0 0 0 3 0 0 0 7 0 1 0 0 0 0 0 0 0 0 0 0 0 0 0 0 0 0 0 0 0 2 0 0 0 
0 2 0 0 6 232 0 0 0 0 1 0 0 0 0 0 3 0 0 0 0 0 0 0 174 191 0 0 538 0 0 13390 0 0 0 632 6 0 0 0 0 0 0 0 0 0 0 0 0 0 0 0 9 0 0 0 0 0 0 0 4 0 0 0 0 0 66 0 312 0 3 0 0 0 29 0 129 0 0 0 0 0 0 0 0 0 0 0 0 0 0 0 0 0 0 68 0 0 0 1 0 0 0 2 0 0 0 0 0 0 0 0 0 0 0 0 0 0 0 0 0 0 0 0 0 0 0 0 0 
0 3 0 0 11 359 0 0 1 0 2 0 0 0 0 0 2 0 0 1 0 0 152 0 108 362 0 0 695 0 0 21645 0 0 0 1156 9 0 0 0 0 0 0 3 35 0 0 1 0 0 0 0 10 0 0 0 0 0 0 0 7 0 0 0 0 0 167 0 463 0 6 0 0 0 125 0 178 0 2 0 0 0 0 0 0 1 0 0 0 0 0 0 0 0 0 97 0 0 0 4 0 0 0 4 0 0 0 0 0 0 0 0 0 0 0 0 0 0 0 0 0 0 0 0 0 0 0 0 0 
0 7 0 0 13 678 0 0 4 0 17 0 0 0 0 0 3 0 0 11 0 0 531 0 282 356 0 0 527 0 0 36223 0 0 0 1301 9 0 0 0 0 0 0 2 108 0 0 1 0 0 0 0 5 0 0 0 0 0 0 0 8 0 0 1 0 0 1209 0 228 0 21 0 0 0 1034 0 220 0 14 0 0 0 0 0 0 6 0 0 0 0 0 8 0 0 0 532 0 0 0 10 0 0 0 12 0 4 0 0 0 0 0 0 0 0 0 4 0 0 0 0 0 0 0 0 0 16 0 0 0 
0 5 0 0 15 474 0 0 3 0 7 0 0 0 0 0 9 0 0 2 0 0 312 0 227 737 0 0 677 0 1 24389 0 0 0 1208 14 0 0 0 0 0 0 6 57 0 0 2 0 0 0 0 4 0 0 0 0 0 0 0 8 0 0 0 0 0 386 0 288 0 7 0 0 0 514 0 316 0 9 0 0 0 0 0 0 1 0 0 0 0 0 3 0 0 0 276 0 0 0 9 0 0 0 10 0 2 0 0 0 0 0 0 0 0 0 8 0 0 0 0 0 0 0 0 0 3 0 0 0 
0 2 0 0 8 190 0 0 0 0 1 0 0 0 0 0 8 0 0 0 0 0 0 0 121 351 0 0 437 0 0 10284 0 0 0 654 8 0 0 0 0 0 0 0 0 0 0 0 0 0 0 0 9 0 0 0 0 0 0 0 4 0 0 0 0 0 29 0 329 0 0 0 0 0 108 0 96 0 2 0 0 0 0 0 0 0 0 0 0 0 0 0 0 0 0 25 0 0 0 0 0 0 0 3 0 0 0 0 0 0 0 0 0 0 0 2 0 0 0 0 0 0 0 0 0 0 0 0 0 
0 4 0 0 14 418 0 0 1 0 5 0 0 0 0 0 5 0 0 6 0 0 137 0 241 489 0 0 561 0 0 22623 0 0 0 1362 13 0 0 0 0 0 0 0 35 0 0 0 0 0 0 0 12 0 0 0 0 0 0 0 13 0 0 0 0 0 317 0 321 0 8 0 0 0 371 0 285 0 9 0 0 0 0 0 0 0 0 0 0 0 0 2 0 0 0 174 0 0 0 10 0 0 0 4 0 0 0 0 0 0 0 0 0 0 0 3 0 0 0 0 0 0 0 0 0 2 0 0 0 
12 4 134 34 15 344 63 29 3 2 3 3 12 190 0 96 10 36 45 15 48 1089 345 238 163 411 2627 1056 323 25 0 17764 193 8775 134 1252 19 23 110 0 0 24 16 5 27 28 23 1 0 97 208 14 6 1 1 0 1 0 176 14 9 1 9 3 3 1223 198 24 196 39 5 0 136 398 187 84 264 2 5 10 24 0 3 7 0 0 13 0 1 0 0 0 1 0 18 119 3 11 90 5 0 5 55 4 2 0 9 4 0 2 1 0 0 0 3 3 7 1 0 2 0 0 0 0 0 1 3 2 0 
0 5 0 0 10 492 0 0 1 0 9 0 0 0 0 0 5 0 0 1 0 0 129 0 295 334 0 0 845 0 0 26775 0 0 0 972 7 0 0 0 0 0 0 1 29 0 0 0 0 0 0 0 9 0 0 0 0 0 0 0 3 0 0 0 0 0 770 0 371 0 17 0 0 0 388 0 173 0 5 0 0 0 0 0 0 1 0 0 0 0 0 1 0 0 0 309 0 0 0 6 0 0 0 6 0 1 0 0 0 0 0 0 0 0 0 2 0 0 1 0 0 0 0 0 0 6 0 0 0 
0 3 0 0 11 359 0 0 1 0 2 0 0 0 0 0 2 0 0 1 0 0 152 0 108 362 0 0 695 0 0 21645 0 0 0 1156 9 0 0 0 0 0 0 3 35 0 0 1 0 0 0 0 10 0 0 0 0 0 0 0 7 0 0 0 0 0 167 0 463 0 6 0 0 0 125 0 178 0 2 0 0 0 0 0 0 1 0 0 0 0 0 0 0 0 0 97 0 0 0 4 0 0 0 4 0 0 0 0 0 0 0 0 0 0 0 0 0 0 0 0 0 0 0 0 0 0 0 0 0 
0 7 0 0 14 557 0 0 10 0 11 0 0 0 0 0 10 0 0 29 0 0 1013 0 264 402 0 0 989 0 6 27009 0 0 0 1029 9 0 0 0 0 0 0 9 132 0 0 2 0 0 0 0 7 0 0 0 0 0 0 0 4 0 0 9 0 0 905 0 404 0 14 0 0 0 502 0 124 0 8 0 0 0 0 0 0 5 0 0 0 0 0 3 0 0 0 319 0 0 0 7 0 0 0 9 0 6 0 0 0 0 0 0 0 0 0 3 0 0 1 0 0 0 0 0 0 5 0 0 0 
0 2 0 0 7 228 0 0 0 0 1 0 0 0 0 0 7 0 0 0 0 0 0 0 151 277 0 0 501 0 0 12996 0 0 0 664 5 0 0 0 0 0 0 0 0 0 0 0 0 0 0 0 9 0 0 0 0 0 0 0 4 0 0 0 0 0 56 0 371 0 0 0 0 0 99 0 143 0 1 0 0 0 0 0 0 0 0 0 0 0 0 0 0 0 0 35 0 0 0 3 0 0 0 3 0 0 0 0 0 0 0 0 0 0 0 0 0 0 0 0 0 0 0 0 0 0 0 0 0 
0 4 0 0 14 485 0 0 0 0 7 0 0 0 0 0 4 0 0 0 0 0 0 0 209 397 0 0 497 0 0 29487 0 0 0 1481 17 0 0 0 0 0 0 0 0 0 0 0 0 0 0 0 8 0 0 0 0 0 0 0 7 0 0 0 0 0 524 0 325 0 10 0 0 0 507 0 288 0 8 0 0 0 0 0 0 0 0 0 0 0 0 0 0 0 0 313 0 0 0 13 0 0 0 6 0 0 0 0 0 0 0 0 0 0 0 6 0 0 2 0 0 0 0 0 0 4 0 0 0 
0 3 0 0 15 396 0 0 0 0 3 0 0 0 0 0 3 0 0 0 0 0 0 0 111 459 0 0 515 0 0 25602 0 0 0 1599 22 0 0 0 0 0 0 0 0 0 0 0 0 0 0 0 10 0 0 0 0 0 0 0 12 0 0 0 0 0 235 0 375 0 4 0 0 0 220 0 344 0 3 0 0 0 0 0 0 0 0 0 0 0 0 0 0 0 0 163 0 0 0 10 0 0 0 6 0 0 0 0 0 0 0 0 0 0 0 4 0 0 0 0 0 0 0 0 0 1 0 0 0 
139 4 305 428 3 163 9390 38 3 6 3 203 124 122 454 221 0 55 39 2 0 1823 198 3822 7 50 15457 31954 92 1 0 4147 414230 6761 23382 154 1 268 121 2 110 29 65 1 31 615 50 0 101 225 168 499 0 4 1 6 0 466 307 235 0 20 1 3 0 6704 157 20201 38 151 4 337 18 9342 38 10981 18 69 0 115 30 5 2 1 7 0 23 55 0 2 2 0 15 30 2769 16 3453 140 161 1 247 90 42 1 194 0 8 10 72 2 1 0 2 135 166 0 15 31 0 2 1 2 0 1 4 1 112 19 77 
0 6 0 0 8 591 0 0 5 0 10 0 0 0 0 0 1 0 0 8 0 0 603 0 234 157 0 0 1044 0 1 30544 0 0 0 861 6 0 0 0 0 0 0 2 148 0 0 0 0 0 0 0 7 0 0 0 0 0 0 0 4 0 0 2 0 0 705 0 476 0 15 0 0 0 641 0 85 0 1 0 0 0 0 0 0 3 0 0 0 0 0 4 0 0 0 350 0 0 0 5 0 0 0 9 0 6 0 0 0 0 0 0 0 0 0 0 0 0 0 0 0 0 0 0 0 4 0 0 0 
0 4 0 0 12 411 0 0 1 0 5 0 0 0 0 0 4 0 0 1 0 0 152 0 177 411 0 0 719 0 0 22854 0 0 0 1133 7 0 0 0 0 0 0 3 34 0 0 1 0 0 0 0 10 0 0 0 0 0 0 0 6 0 0 0 0 0 392 0 463 0 12 0 0 0 315 0 170 0 7 0 0 0 0 0 0 1 0 0 0 0 0 1 0 0 0 148 0 0 0 5 0 0 0 3 0 0 0 0 0 0 0 0 0 0 0 2 0 0 2 0 0 0 0 0 0 0 0 0 0 
0 4 0 0 8 442 0 0 2 0 4 0 0 0 0 0 2 0 0 7 0 0 243 0 223 163 0 0 929 0 0 25118 0 0 0 896 6 0 0 0 0 0 0 0 68 0 0 0 0 0 0 0 10 0 0 0 0 0 0 0 5 0 0 1 0 0 268 0 469 0 7 0 0 0 257 0 109 0 2 0 0 0 0 0 0 0 0 0 0 0 0 1 0 0 0 209 0 0 0 2 0 0 0 6 0 1 0 0 0 0 0 0 0 0 0 0 0 0 0 0 0 0 0 0 0 1 0 0 0 
0 2 0 0 8 222 0 0 0 0 1 0 0 0 0 0 4 0 0 0 0 0 0 0 143 269 0 0 464 0 0 12459 0 0 0 804 7 0 0 0 0 0 0 0 0 0 0 0 0 0 0 0 10 0 0 0 0 0 0 0 6 0 0 0 0 0 101 0 328 0 4 0 0 0 54 0 120 0 1 0 0 0 0 0 0 0 0 0 0 0 0 0 0 0 0 32 0 0 0 2 0 0 0 1 0 0 0 0 0 0 0 0 0 0 0 0 0 0 0 0 0 0 0 0 0 0 0 0 0 
0 3 0 0 11 359 0 0 1 0 2 0 0 0 0 0 2 0 0 1 0 0 152 0 108 362 0 0 695 0 0 21645 0 0 0 1156 9 0 0 0 0 0 0 3 35 0 0 1 0 0 0 0 10 0 0 0 0 0 0 0 7 0 0 0 0 0 167 0 463 0 6 0 0 0 125 0 178 0 2 0 0 0 0 0 0 1 0 0 0 0 0 0 0 0 0 97 0 0 0 4 0 0 0 4 0 0 0 0 0 0 0 0 0 0 0 0 0 0 0 0 0 0 0 0 0 0 0 0 0 
0 3 0 0 10 148 0 0 1 0 2 0 0 0 0 0 14 0 0 3 0 0 14 0 71 641 0 0 445 0 0 8663 0 0 0 602 6 0 0 0 0 0 0 0 0 0 0 1 0 0 0 0 11 0 0 0 0 0 0 0 8 0 0 0 0 0 261 0 291 0 9 0 0 0 10 0 88 0 0 0 0 0 0 0 0 1 0 0 0 0 0 0 0 0 0 4 0 0 0 4 0 0 0 0 0 0 0 0 0 0 0 0 0 0 0 1 0 0 0 0 0 0 0 0 0 0 0 0 0 
0 5 0 0 19 417 0 0 6 0 4 0 0 0 0 0 15 0 0 28 0 0 675 0 195 794 0 0 593 0 2 20954 0 0 0 1370 19 0 0 0 0 0 0 8 80 0 0 3 0 0 0 0 10 0 0 0 0 0 0 0 14 0 0 5 0 0 173 0 355 0 3 0 0 0 369 0 310 0 8 0 0 0 0 0 0 0 0 0 0 0 0 2 0 0 0 136 0 0 0 8 0 0 0 7 0 0 0 0 0 0 0 0 0 0 0 6 0 0 0 0 0 0 0 0 0 1 0 0 0 
0 4 0 0 10 232 0 0 4 0 4 0 0 0 0 0 16 0 0 13 0 0 379 0 156 673 0 0 622 0 0 11479 0 0 0 519 4 0 0 0 0 0 0 5 40 0 0 1 0 0 0 0 9 0 0 0 0 0 0 0 9 0 0 8 0 0 219 0 389 0 5 0 0 0 219 0 79 0 5 0 0 0 0 0 0 0 0 0 0 0 0 0 0 0 0 8 0 0 0 5 0 0 0 5 0 0 0 0 0 0 0 0 0 0 0 0 0 0 0 0 0 0 0 0 0 0 0 0 0 
0 3 0 0 13 355 0 0 0 0 3 0 0 0 0 0 5 0 0 0 0 0 0 0 195 486 0 0 484 0 0 20963 0 0 0 1284 16 0 0 0 0 0 0 0 0 0 0 0 0 0 0 0 10 0 0 0 0 0 0 0 15 0 0 0 0 0 196 0 258 0 5 0 0 0 182 0 343 0 6 0 0 0 0 0 0 0 0 0 0 0 0 0 0 0 0 163 0 0 0 6 0 0 0 4 0 0 0 0 0 0 0 0 0 0 0 3 0 0 0 0 0 0 0 0 0 1 0 0 0 
0 4 0 0 15 387 0 0 2 0 4 0 0 0 0 0 8 0 0 8 0 0 234 0 189 643 0 0 588 0 0 20519 0 0 0 1268 16 0 0 0 0 0 0 2 50 0 0 0 0 0 0 0 9 0 0 0 0 0 0 0 11 0 0 1 0 0 173 0 355 0 3 0 0 0 369 0 293 0 8 0 0 0 0 0 0 0 0 0 0 0 0 2 0 0 0 136 0 0 0 8 0 0 0 7 0 0 0 0 0 0 0 0 0 0 0 6 0 0 0 0 0 0 0 0 0 1 0 0 0 
0 3 0 0 17 290 0 0 2 0 1 0 0 0 0 0 11 0 0 14 0 0 280 0 109 609 0 0 369 0 0 16943 0 0 0 1429 24 0 0 0 0 0 0 4 18 0 0 2 0 0 0 0 13 0 0 0 0 0 0 0 20 0 0 1 0 0 75 0 287 0 2 0 0 0 68 0 349 0 1 0 0 0 0 0 0 0 0 0 0 0 0 0 0 0 0 56 0 0 0 5 0 0 0 2 0 0 0 0 0 0 0 0 0 0 0 2 0 0 0 0 0 0 0 0 0 0 0 0 0 
0 6 0 0 14 545 0 0 3 0 12 0 0 0 0 0 7 0 0 10 0 0 379 0 317 606 0 0 555 0 0 27378 0 0 0 1209 9 0 0 0 0 0 0 2 75 0 0 2 0 0 0 0 9 0 0 0 0 0 0 0 12 0 0 1 0 0 800 0 230 0 17 0 0 0 704 0 299 0 13 0 0 0 0 0 0 3 0 0 0 0 0 6 0 0 0 340 0 0 0 9 0 0 0 7 0 1 0 0 0 0 0 0 0 0 0 5 0 0 0 0 0 0 0 0 0 9 0 0 0 
0 3 0 0 13 350 0 0 0 0 4 0 0 0 0 0 5 0 0 0 0 0 0 0 173 491 0 0 396 0 0 20489 0 0 0 1262 16 0 0 0 0 0 0 0 0 0 0 0 0 0 0 0 9 0 0 0 0 0 0 0 12 0 0 0 0 0 267 0 277 0 6 0 0 0 303 0 316 0 6 0 0 0 0 0 0 0 0 0 0 0 0 0 0 0 0 168 0 0 0 9 0 0 0 4 0 0 0 0 0 0 0 0 0 0 0 5 0 0 1 0 0 0 0 0 0 1 0 0 0 
0 2 0 0 8 222 0 0 0 0 1 0 0 0 0 0 4 0 0 0 0 0 0 0 143 269 0 0 464 0 0 12459 0 0 0 804 7 0 0 0 0 0 0 0 0 0 0 0 0 0 0 0 10 0 0 0 0 0 0 0 6 0 0 0 0 0 101 0 328 0 4 0 0 0 54 0 120 0 1 0 0 0 0 0 0 0 0 0 0 0 0 0 0 0 0 32 0 0 0 2 0 0 0 1 0 0 0 0 0 0 0 0 0 0 0 0 0 0 0 0 0 0 0 0 0 0 0 0 0 
69 2 319 88 6 173 2250 87 0 2 1 97 49 316 190 203 0 105 25 0 27 4050 0 4058 46 152 7302 13010 95 35 0 7652 47408 12405 1883 451 4 0 440 4 59 58 104 0 0 731 29 0 31 179 44 61 2 3 0 0 1 362 189 28 2 37 21 0 10 4295 80 3599 86 125 2 45 112 8008 44 2011 64 141 1 0 87 2 4 3 0 0 25 2 0 0 0 0 50 0 561 23 1295 21 123 2 105 15 31 1 51 0 18 36 17 0 0 4 0 133 63 0 10 7 0 0 1 1 0 0 2 0 45 9 51 
0 3 0 0 9 364 0 0 0 0 3 0 0 0 0 0 6 0 0 0 0 0 0 0 188 275 0 0 683 0 0 22085 0 0 0 963 7 0 0 0 0 0 0 0 0 0 0 0 0 0 0 0 10 0 0 0 0 0 0 0 3 0 0 0 0 0 221 0 464 0 4 0 0 0 222 0 159 0 2 0 0 0 0 0 0 0 0 0 0 0 0 0 0 0 0 140 0 0 0 6 0 0 0 4 0 0 0 0 0 0 0 0 0 0 0 1 0 0 1 0 0 0 0 0 0 0 0 0 0 
0 6 0 0 11 537 0 0 8 0 7 0 0 0 0 0 3 0 0 17 0 0 880 0 223 225 0 0 1082 0 5 27474 0 0 0 918 9 0 0 0 0 0 0 11 142 0 0 1 0 0 0 0 7 0 0 0 0 0 0 0 4 0 0 4 0 0 530 0 491 0 10 0 0 0 419 0 104 0 1 0 0 0 0 0 0 2 0 0 0 0 0 2 0 0 0 276 0 0 0 6 0 0 0 9 0 5 0 0 0 0 0 0 0 0 0 0 0 0 0 0 0 0 0 0 0 2 0 0 0 
126 9 99 814 4 425 7826 27 16 5 20 49 315 50 392 314 0 38 111 5 24 566 958 3043 62 38 35615 10191 181 1 11 12402 320214 1458 37171 214 1 1131 17 1 83 11 25 3 150 144 66 0 19 275 97 350 0 2 0 10 0 0 183 1222 0 13 35 20 0 17451 903 4496 97 172 10 174 14 2120 657 26489 12 5 3 739 1 13 0 3 0 11 17 5 0 2 1 6 0 132 6273 287 785 607 66 6 0 60 34 4 188 22 3 1 36 2 0 0 4 0 77 1 437 26 4 3 0 0 1 4 0 10 30 231 0 
0 4 0 0 14 410 0 0 0 0 6 0 0 0 0 0 5 0 0 0 0 0 0 0 249 541 0 0 548 0 0 22021 0 0 0 1357 15 0 0 0 0 0 0 0 0 0 0 0 0 0 0 0 9 0 0 0 0 0 0 0 13 0 0 0 0 0 427 0 288 0 13 0 0 0 388 0 300 0 9 0 0 0 0 0 0 0 0 0 0 0 0 0 0 0 0 203 0 0 0 8 0 0 0 5 0 0 0 0 0 0 0 0 0 0 0 4 0 0 0 0 0 0 0 0 0 4 0 0 0 
0 5 0 0 19 438 0 0 5 0 5 0 0 0 0 0 17 0 0 19 0 0 567 0 226 849 0 0 493 0 1 22773 0 0 0 1350 19 0 0 0 0 0 0 8 51 0 0 5 0 0 0 0 7 0 0 0 0 0 0 0 14 0 0 5 0 0 254 0 261 0 5 0 0 0 389 0 353 0 9 0 0 0 0 0 0 0 0 0 0 0 0 1 0 0 0 211 0 0 0 7 0 0 0 8 0 1 0 0 0 0 0 0 0 0 0 7 0 0 0 0 0 0 0 0 0 2 0 0 0 
0 5 0 0 15 482 0 0 4 0 6 0 0 0 0 0 9 0 0 11 0 0 444 0 199 671 0 0 708 0 1 24974 0 0 0 1226 13 0 0 0 0 0 0 4 103 0 0 1 0 0 0 0 7 0 0 0 0 0 0 0 9 0 0 2 0 0 294 0 326 0 5 0 0 0 482 0 304 0 9 0 0 0 0 0 0 0 0 0 0 0 0 4 0 0 0 243 0 0 0 9 0 0 0 9 0 1 0 0 0 0 0 0 0 0 0 7 0 0 0 0 0 0 0 0 0 2 0 0 0 
0 2 0 0 6 232 0 0 0 0 1 0 0 0 0 0 3 0 0 0 0 0 0 0 174 191 0 0 538 0 0 13390 0 0 0 632 6 0 0 0 0 0 0 0 0 0 0 0 0 0 0 0 9 0 0 0 0 0 0 0 4 0 0 0 0 0 66 0 312 0 3 0 0 0 29 0 129 0 0 0 0 0 0 0 0 0 0 0 0 0 0 0 0 0 0 68 0 0 0 1 0 0 0 2 0 0 0 0 0 0 0 0 0 0 0 0 0 0 0 0 0 0 0 0 0 0 0 0 0 
0 4 0 0 14 439 0 0 0 0 6 0 0 0 0 0 7 0 0 0 0 0 0 0 285 521 0 0 456 0 0 24415 0 0 0 1336 13 0 0 0 0 0 0 0 0 0 0 0 0 0 0 0 9 0 0 0 0 0 0 0 13 0 0 0 0 0 425 0 233 0 11 0 0 0 397 0 333 0 11 0 0 0 0 0 0 0 0 0 0 0 0 0 0 0 0 243 0 0 0 8 0 0 0 5 0 0 0 0 0 0 0 0 0 0 0 4 0 0 0 0 0 0 0 0 0 4 0 0 0 
0 4 0 0 13 421 0 0 1 0 5 0 0 0 0 0 6 0 0 0 0 0 111 0 226 525 0 0 675 0 0 23014 0 0 0 1243 13 0 0 0 0 0 0 2 25 0 0 0 0 0 0 0 8 0 0 0 0 0 0 0 12 0 0 0 0 0 328 0 285 0 8 0 0 0 308 0 323 0 8 0 0 0 0 0 0 1 0 0 0 0 0 1 0 0 0 228 0 0 0 8 0 0 0 6 0 0 0 0 0 0 0 0 0 0 0 4 0 0 0 0 0 0 0 0 0 2 0 0 0 
7 4 124 17 15 441 20 17 0 0 6 1 10 90 0 52 7 27 15 0 19 784 0 79 174 542 1806 616 460 14 0 26039 30 7578 31 1379 14 0 432 0 0 11 4 0 0 7 9 0 0 0 0 0 7 0 0 0 1 0 247 17 8 0 9 0 6 1014 400 5 343 26 8 0 48 124 456 33 313 4 10 0 187 0 4 0 0 0 13 0 0 0 0 0 1 0 11 227 0 10 122 8 0 0 0 8 0 0 9 0 0 0 0 0 0 0 2 7 7 0 1 0 0 0 0 0 0 3 1 5 0 
0 4 0 0 14 490 0 0 0 0 6 0 0 0 0 0 3 0 0 0 0 0 0 0 231 404 0 0 592 0 0 29973 0 0 0 1509 17 0 0 0 0 0 0 0 0 0 0 0 0 0 0 0 8 0 0 0 0 0 0 0 11 0 0 0 0 0 441 0 295 0 10 0 0 0 379 0 303 0 8 0 0 0 0 0 0 0 0 0 0 0 0 0 0 0 0 320 0 0 0 9 0 0 0 8 0 0 0 0 0 0 0 0 0 0 0 4 0 0 0 0 0 0 0 0 0 4 0 0 0 
0 1 0 0 5 136 0 0 0 0 0 0 0 0 0 0 0 0 0 0 0 0 0 0 49 106 0 0 331 0 0 8881 0 0 0 591 6 0 0 0 0 0 0 0 0 0 0 0 0 0 0 0 11 0 0 0 0 0 0 0 4 0 0 0 0 0 0 0 300 0 0 0 0 0 0 0 76 0 0 0 0 0 0 0 0 0 0 0 0 0 0 0 0 0 0 0 0 0 0 0 0 0 0 0 0 0 0 0 0 0 0 0 0 0 0 0 0 0 0 0 0 0 0 0 0 0 0 0 0 
0 7 0 0 12 621 0 0 10 0 11 0 0 0 0 0 3 0 0 15 0 0 1118 0 177 443 0 0 1146 0 5 32344 0 0 0 999 5 0 0 0 0 0 0 14 188 0 0 1 0 0 0 0 8 0 0 0 0 0 0 0 4 0 0 9 0 0 904 0 477 0 16 0 0 0 600 0 141 0 3 0 0 0 0 0 0 7 0 0 0 0 0 3 0 0 0 356 0 0 0 12 0 0 0 8 0 7 0 0 0 0 0 0 0 0 0 2 0 0 1 0 0 0 0 0 0 3 0 0 0 
38 5 94 116 8 459 697 47 4 1 6 6 74 159 137 145 1 48 46 6 59 2520 421 1367 117 194 10377 3025 620 12 1 21891 8230 3399 1292 746 5 63 19 3 60 32 25 2 99 169 96 0 1 57 10 22 6 0 1 3 0 0 205 85 3 2 25 2 9 6807 365 196 313 102 7 8 59 422 355 1679 112 1 3 63 3 0 1 0 0 1 37 0 0 1 0 1 1 26 514 246 10 54 65 6 0 1 1 6 14 3 21 4 5 0 0 0 0 0 8 1 51 0 1 0 0 0 0 1 0 1 9 38 0 
0 4 0 0 10 402 0 0 0 0 6 0 0 0 0 0 3 0 0 0 0 0 0 0 255 341 0 0 755 0 0 22835 0 0 0 979 9 0 0 0 0 0 0 0 0 0 0 0 0 0 0 0 10 0 0 0 0 0 0 0 5 0 0 0 0 0 538 0 352 0 14 0 0 0 211 0 158 0 4 0 0 0 0 0 0 0 0 0 0 0 0 0 0 0 0 226 0 0 0 3 0 0 0 5 0 0 0 0 0 0 0 0 0 0 0 2 0 0 0 0 0 0 0 0 0 4 0 0 0 
0 2 0 0 8 222 0 0 0 0 1 0 0 0 0 0 4 0 0 0 0 0 0 0 143 269 0 0 464 0 0 12459 0 0 0 804 7 0 0 0 0 0 0 0 0 0 0 0 0 0 0 0 10 0 0 0 0 0 0 0 6 0 0 0 0 0 101 0 328 0 4 0 0 0 54 0 120 0 1 0 0 0 0 0 0 0 0 0 0 0 0 0 0 0 0 32 0 0 0 2 0 0 0 1 0 0 0 0 0 0 0 0 0 0 0 0 0 0 0 0 0 0 0 0 0 0 0 0 0 
0 4 0 0 11 398 0 0 0 0 6 0 0 0 0 0 6 0 0 0 0 0 0 0 232 416 0 0 707 0 0 22430 0 0 0 999 8 0 0 0 0 0 0 0 0 0 0 0 0 0 0 0 11 0 0 0 0 0 0 0 3 0 0 0 0 0 539 0 424 0 12 0 0 0 292 0 188 0 5 0 0 0 0 0 0 0 0 0 0 0 0 0 0 0 0 178 0 0 0 8 0 0 0 4 0 0 0 0 0 0 0 0 0 0 0 2 0 0 1 0 0 0 0 0 0 3 0 0 0 
0 4 0 0 15 435 0 0 1 0 6 0 0 0 0 0 6 0 0 3 0 0 129 0 216 605 0 0 437 0 0 24019 0 0 0 1387 15 0 0 0 0 0 0 2 23 0 0 0 0 0 0 0 8 0 0 0 0 0 0 0 10 0 0 0 0 0 417 0 268 0 9 0 0 0 445 0 322 0 8 0 0 0 0 0 0 0 0 0 0 0 0 1 0 0 0 234 0 0 0 12 0 0 0 5 0 2 0 0 0 0 0 0 0 0 0 7 0 0 1 0 0 0 0 0 0 2 0 0 0 
0 4 0 0 15 408 0 0 1 0 5 0 0 0 0 0 11 0 0 2 0 0 104 0 218 700 0 0 489 0 0 22338 0 0 0 1248 16 0 0 0 0 0 0 1 22 0 0 1 0 0 0 0 6 0 0 0 0 0 0 0 11 0 0 0 0 0 254 0 261 0 5 0 0 0 389 0 336 0 9 0 0 0 0 0 0 0 0 0 0 0 0 1 0 0 0 211 0 0 0 7 0 0 0 8 0 1 0 0 0 0 0 0 0 0 0 7 0 0 0 0 0 0 0 0 0 2 0 0 0 
0 5 0 0 9 475 0 0 2 0 8 0 0 0 0 0 4 0 0 7 0 0 243 0 268 244 0 0 934 0 0 25404 0 0 0 916 6 0 0 0 0 0 0 0 66 0 0 0 0 0 0 0 9 0 0 0 0 0 0 0 5 0 0 1 0 0 646 0 411 0 13 0 0 0 346 0 119 0 4 0 0 0 0 0 0 0 0 0 0 0 0 3 0 0 0 264 0 0 0 3 0 0 0 7 0 1 0 0 0 0 0 0 0 0 0 1 0 0 0 0 0 0 0 0 0 5 0 0 0 
0 3 0 0 13 350 0 0 0 0 4 0 0 0 0 0 5 0 0 0 0 0 0 0 173 491 0 0 396 0 0 20489 0 0 0 1262 16 0 0 0 0 0 0 0 0 0 0 0 0 0 0 0 9 0 0 0 0 0 0 0 12 0 0 0 0 0 267 0 277 0 6 0 0 0 303 0 316 0 6 0 0 0 0 0 0 0 0 0 0 0 0 0 0 0 0 168 0 0 0 9 0 0 0 4 0 0 0 0 0 0 0 0 0 0 0 5 0 0 1 0 0 0 0 0 0 1 0 0 0 
0 6 0 0 13 541 0 0 5 0 11 0 0 0 0 0 7 0 0 7 0 0 538 0 249 596 0 0 701 0 1 26433 0 0 0 1056 9 0 0 0 0 0 0 7 107 0 0 1 0 0 0 0 6 0 0 0 0 0 0 0 3 0 0 5 0 0 618 0 333 0 9 0 0 0 836 0 220 0 12 0 0 0 0 0 0 0 0 0 0 0 0 5 0 0 0 347 0 0 0 13 0 0 0 7 0 3 0 0 0 0 0 0 0 0 0 7 0 0 3 0 0 0 0 0 0 7 0 0 0 
0 3 0 0 8 347 0 0 1 0 2 0 0 0 0 0 2 0 0 6 0 0 137 0 164 163 0 0 767 0 0 20693 0 0 0 901 6 0 0 0 0 0 0 0 36 0 0 0 0 0 0 0 12 0 0 0 0 0 0 0 5 0 0 0 0 0 117 0 509 0 2 0 0 0 184 0 109 0 2 0 0 0 0 0 0 0 0 0 0 0 0 1 0 0 0 90 0 0 0 2 0 0 0 4 0 0 0 0 0 0 0 0 0 0 0 0 0 0 0 0 0 0 0 0 0 0 0 0 0 
0 1 0 0 4 138 0 0 0 0 0 0 0 0 0 0 3 0 0 0 0 0 0 0 38 163 0 0 305 0 0 9252 0 0 0 424 3 0 0 0 0 0 0 0 0 0 0 0 0 0 0 0 6 0 0 0 0 0 0 0 3 0 0 0 0 0 0 0 203 0 0 0 0 0 0 0 124 0 0 0 0 0 0 0 0 0 0 0 0 0 0 0 0 0 0 0 0 0 0 0 0 0 0 0 0 0 0 0 0 0 0 0 0 0 0 0 0 0 0 0 0 0 0 0 0 0 0 0 0 
0 6 0 0 18 456 0 0 5 0 10 0 0 0 0 0 25 0 0 11 0 0 496 0 177 1187 0 0 459 0 0 22913 0 0 0 1052 17 0 0 0 0 0 0 3 62 0 0 9 0 0 0 0 12 0 0 0 0 0 0 0 9 0 0 5 0 0 621 0 218 0 8 0 0 0 668 0 440 0 10 0 0 0 0 0 0 1 0 0 0 0 0 1 0 0 0 181 0 0 0 8 0 0 0 1 0 8 0 0 0 0 0 0 0 0 0 16 0 0 1 0 0 0 0 0 0 4 0 0 0 
0 2 0 0 5 234 0 0 0 0 1 0 0 0 0 0 6 0 0 0 0 0 0 0 163 229 0 0 496 0 0 13742 0 0 0 449 3 0 0 0 0 0 0 0 0 0 0 0 0 0 0 0 8 0 0 0 0 0 0 0 3 0 0 0 0 0 85 0 232 0 3 0 0 0 45 0 192 0 0 0 0 0 0 0 0 0 0 0 0 0 0 0 0 0 0 52 0 0 0 0 0 0 0 0 0 0 0 0 0 0 0 0 0 0 0 1 0 0 0 0 0 0 0 0 0 0 0 0 0 
0 5 0 0 14 278 0 0 5 0 5 0 0 0 0 0 19 0 0 15 0 0 454 0 150 900 0 0 586 0 1 13139 0 0 0 767 7 0 0 0 0 0 0 5 53 0 0 6 0 0 0 0 6 0 0 0 0 0 0 0 9 0 0 5 0 0 411 0 249 0 14 0 0 0 98 0 213 0 2 0 0 0 0 0 0 1 0 0 0 0 0 1 0 0 0 16 0 0 0 4 0 0 0 2 0 0 0 0 0 0 0 0 0 0 0 2 0 0 0 0 0 0 0 0 0 2 0 0 0 
0 3 0 0 15 348 0 0 1 0 2 0 0 0 0 0 11 0 0 1 0 0 152 0 86 707 0 0 417 0 0 20492 0 0 0 1329 18 0 0 0 0 0 0 3 34 0 0 2 0 0 0 0 10 0 0 0 0 0 0 0 15 0 0 0 0 0 141 0 229 0 1 0 0 0 171 0 430 0 2 0 0 0 0 0 0 0 0 0 0 0 0 1 0 0 0 78 0 0 0 6 0 0 0 1 0 0 0 0 0 0 0 0 0 0 0 6 0 0 0 0 0 0 0 0 0 0 0 0 0 
0 2 0 0 7 154 0 0 0 0 1 0 0 0 0 0 8 0 0 0 0 0 0 0 74 477 0 0 449 0 0 9249 0 0 0 460 4 0 0 0 0 0 0 0 0 0 0 0 0 0 0 0 6 0 0 0 0 0 0 0 5 0 0 0 0 0 132 0 205 0 3 0 0 0 13 0 133 0 0 0 0 0 0 0 0 0 0 0 0 0 0 0 0 0 0 3 0 0 0 2 0 0 0 1 0 0 0 0 0 0 0 0 0 0 0 1 0 0 0 0 0 0 0 0 0 0 0 0 0 
0 3 0 0 7 326 0 0 1 0 2 0 0 0 0 0 9 0 0 1 0 0 129 0 204 359 0 0 711 0 0 17817 0 0 0 567 3 0 0 0 0 0 0 2 30 0 0 0 0 0 0 0 10 0 0 0 0 0 0 0 4 0 0 0 0 0 180 0 300 0 5 0 0 0 97 0 253 0 0 0 0 0 0 0 0 1 0 0 0 0 0 0 0 0 0 92 0 0 0 1 0 0 0 1 0 0 0 0 0 0 0 0 0 0 0 2 0 0 0 0 0 0 0 0 0 0 0 0 0 
0 3 0 0 6 240 0 0 0 0 3 0 0 0 0 0 11 0 0 0 0 0 0 0 170 362 0 0 486 0 0 13546 0 0 0 453 3 0 0 0 0 0 0 0 0 0 0 0 0 0 0 0 8 0 0 0 0 0 0 0 3 0 0 0 0 0 311 0 224 0 6 0 0 0 55 0 191 0 0 0 0 0 0 0 0 0 0 0 0 0 0 0 0 0 0 57 0 0 0 0 0 0 0 0 0 0 0 0 0 0 0 0 0 0 0 3 0 0 0 0 0 0 0 0 0 1 0 0 0 
0 1 0 0 4 138 0 0 0 0 0 0 0 0 0 0 3 0 0 0 0 0 0 0 38 163 0 0 305 0 0 9252 0 0 0 424 3 0 0 0 0 0 0 0 0 0 0 0 0 0 0 0 6 0 0 0 0 0 0 0 3 0 0 0 0 0 0 0 203 0 0 0 0 0 0 0 124 0 0 0 0 0 0 0 0 0 0 0 0 0 0 0 0 0 0 0 0 0 0 0 0 0 0 0 0 0 0 0 0 0 0 0 0 0 0 0 0 0 0 0 0 0 0 0 0 0 0 0 0 
0 1 0 0 4 138 0 0 0 0 0 0 0 0 0 0 3 0 0 0 0 0 0 0 38 163 0 0 305 0 0 9252 0 0 0 424 3 0 0 0 0 0 0 0 0 0 0 0 0 0 0 0 6 0 0 0 0 0 0 0 3 0 0 0 0 0 0 0 203 0 0 0 0 0 0 0 124 0 0 0 0 0 0 0 0 0 0 0 0 0 0 0 0 0 0 0 0 0 0 0 0 0 0 0 0 0 0 0 0 0 0 0 0 0 0 0 0 0 0 0 0 0 0 0 0 0 0 0 0 
0 6 0 0 13 519 0 0 6 0 10 0 0 0 0 0 16 0 0 17 0 0 611 0 293 507 0 0 549 0 2 25778 0 0 0 899 6 0 0 0 0 0 0 7 80 0 0 0 0 0 0 0 5 0 0 0 0 0 0 0 9 0 0 6 0 0 645 0 224 0 7 0 0 0 758 0 280 0 13 0 0 0 0 0 0 2 0 0 0 0 0 3 0 0 0 308 0 0 0 10 0 0 0 8 0 4 0 0 0 0 0 0 0 0 0 4 0 0 0 0 0 0 0 0 0 7 0 0 0 
0 1 0 0 4 138 0 0 0 0 0 0 0 0 0 0 3 0 0 0 0 0 0 0 38 163 0 0 305 0 0 9252 0 0 0 424 3 0 0 0 0 0 0 0 0 0 0 0 0 0 0 0 6 0 0 0 0 0 0 0 3 0 0 0 0 0 0 0 203 0 0 0 0 0 0 0 124 0 0 0 0 0 0 0 0 0 0 0 0 0 0 0 0 0 0 0 0 0 0 0 0 0 0 0 0 0 0 0 0 0 0 0 0 0 0 0 0 0 0 0 0 0 0 0 0 0 0 0 0 
0 4 0 0 7 400 0 0 3 0 3 0 0 0 0 0 9 0 0 5 0 0 349 0 234 321 0 0 912 0 1 20444 0 0 0 527 0 0 0 0 0 0 0 3 89 0 0 0 0 0 0 0 11 0 0 0 0 0 0 0 4 0 0 0 0 0 229 0 374 0 3 0 0 0 208 0 228 0 3 0 0 0 0 0 0 1 0 0 0 0 0 0 0 0 0 117 0 0 0 1 0 0 0 2 0 2 0 0 0 0 0 0 0 0 0 2 0 0 0 0 0 0 0 0 0 0 0 0 0 
0 3 0 0 8 288 0 0 1 0 2 0 0 0 0 0 9 0 0 2 0 0 104 0 187 386 0 0 673 0 0 15058 0 0 0 582 5 0 0 0 0 0 0 2 23 0 0 0 0 0 0 0 10 0 0 0 0 0 0 0 4 0 0 0 0 0 200 0 266 0 6 0 0 0 80 0 220 0 2 0 0 0 0 0 0 1 0 0 0 0 0 0 0 0 0 71 0 0 0 1 0 0 0 1 0 0 0 0 0 0 0 0 0 0 0 1 0 0 0 0 0 0 0 0 0 0 0 0 0 
0 3 0 0 15 348 0 0 1 0 2 0 0 0 0 0 11 0 0 1 0 0 152 0 86 707 0 0 417 0 0 20492 0 0 0 1329 18 0 0 0 0 0 0 3 34 0 0 2 0 0 0 0 10 0 0 0 0 0 0 0 15 0 0 0 0 0 141 0 229 0 1 0 0 0 171 0 430 0 2 0 0 0 0 0 0 0 0 0 0 0 0 1 0 0 0 78 0 0 0 6 0 0 0 1 0 0 0 0 0 0 0 0 0 0 0 6 0 0 0 0 0 0 0 0 0 0 0 0 0 
0 4 0 0 16 364 0 0 2 0 4 0 0 0 0 0 14 0 0 4 0 0 215 0 143 930 0 0 511 0 0 19520 0 0 0 1126 17 0 0 0 0 0 0 4 23 0 0 5 0 0 0 0 12 0 0 0 0 0 0 0 14 0 0 1 0 0 278 0 221 0 2 0 0 0 301 0 429 0 6 0 0 0 0 0 0 1 0 0 0 0 0 0 0 0 0 121 0 0 0 8 0 0 0 1 0 1 0 0 0 0 0 0 0 0 0 7 0 0 0 0 0 0 0 0 0 1 0 0 0 
0 3 0 0 11 254 0 0 2 0 1 0 0 0 0 0 18 0 0 8 0 0 244 0 109 457 0 0 482 0 0 13243 0 0 0 776 8 0 0 0 0 0 0 3 47 0 0 2 0 0 0 0 6 0 0 0 0 0 0 0 7 0 0 1 0 0 123 0 251 0 3 0 0 0 18 0 206 0 0 0 0 0 0 0 0 0 0 0 0 0 0 0 0 0 0 11 0 0 0 3 0 0 0 1 0 0 0 0 0 0 0 0 0 0 0 0 0 0 0 0 0 0 0 0 0 0 0 0 0 
0 1 0 0 4 138 0 0 0 0 0 0 0 0 0 0 3 0 0 0 0 0 0 0 38 163 0 0 305 0 0 9252 0 0 0 424 3 0 0 0 0 0 0 0 0 0 0 0 0 0 0 0 6 0 0 0 0 0 0 0 3 0 0 0 0 0 0 0 203 0 0 0 0 0 0 0 124 0 0 0 0 0 0 0 0 0 0 0 0 0 0 0 0 0 0 0 0 0 0 0 0 0 0 0 0 0 0 0 0 0 0 0 0 0 0 0 0 0 0 0 0 0 0 0 0 0 0 0 0 
0 3 0 0 9 202 0 0 1 0 2 0 0 0 0 0 11 0 0 5 0 0 60 0 129 482 0 0 505 0 0 10489 0 0 0 574 6 0 0 0 0 0 0 0 3 0 0 0 0 0 0 0 8 0 0 0 0 0 0 0 4 0 0 0 0 0 248 0 234 0 6 0 0 0 43 0 153 0 2 0 0 0 0 0 0 1 0 0 0 0 0 0 0 0 0 22 0 0 0 2 0 0 0 1 0 0 0 0 0 0 0 0 0 0 0 1 0 0 0 0 0 0 0 0 0 0 0 0 0 
0 4 0 0 11 320 0 0 3 0 3 0 0 0 0 0 19 0 0 10 0 0 320 0 175 524 0 0 640 0 0 15321 0 0 0 702 7 0 0 0 0 0 0 4 56 0 0 2 0 0 0 0 8 0 0 0 0 0 0 0 5 0 0 2 0 0 229 0 299 0 5 0 0 0 176 0 205 0 1 0 0 0 0 0 0 0 0 0 0 0 0 0 0 0 0 57 0 0 0 4 0 0 0 1 0 2 0 0 0 0 0 0 0 0 0 2 0 0 0 0 0 0 0 0 0 0 0 0 0 
0 5 0 0 11 496 0 0 3 0 7 0 0 0 0 0 13 0 0 3 0 0 316 0 254 533 0 0 656 0 1 26003 0 0 0 847 3 0 0 0 0 0 0 3 76 0 0 1 0 0 0 0 12 0 0 0 0 0 0 0 9 0 0 0 0 0 388 0 260 0 2 0 0 0 613 0 341 0 12 0 0 0 0 0 0 0 0 0 0 0 0 4 0 0 0 254 0 0 0 7 0 0 0 3 0 2 0 0 0 0 0 0 0 0 0 6 0 0 0 0 0 0 0 0 0 3 0 0 0 
0 3 0 0 16 298 0 0 1 0 2 0 0 0 0 0 11 0 0 3 0 0 136 0 85 826 0 0 392 0 0 17403 0 0 0 1236 22 0 0 0 0 0 0 2 12 0 0 4 0 0 0 0 10 0 0 0 0 0 0 0 18 0 0 0 0 0 211 0 193 0 2 0 0 0 104 0 449 0 1 0 0 0 0 0 0 1 0 0 0 0 0 0 0 0 0 57 0 0 0 6 0 0 0 1 0 0 0 0 0 0 0 0 0 0 0 5 0 0 0 0 0 0 0 0 0 0 0 0 0 
0 1 0 0 4 138 0 0 0 0 0 0 0 0 0 0 3 0 0 0 0 0 0 0 38 163 0 0 305 0 0 9252 0 0 0 424 3 0 0 0 0 0 0 0 0 0 0 0 0 0 0 0 6 0 0 0 0 0 0 0 3 0 0 0 0 0 0 0 203 0 0 0 0 0 0 0 124 0 0 0 0 0 0 0 0 0 0 0 0 0 0 0 0 0 0 0 0 0 0 0 0 0 0 0 0 0 0 0 0 0 0 0 0 0 0 0 0 0 0 0 0 0 0 0 0 0 0 0 0 
12 3 29 30 6 295 64 27 1 0 2 2 6 8 42 52 10 56 27 0 67 733 109 235 177 357 2791 258 617 21 0 15212 201 406 134 413 2 10 56 0 16 5 3 1 26 26 39 1 0 0 0 0 9 0 0 0 0 0 17 15 2 2 2 0 7 676 119 18 274 13 3 4 0 58 150 53 210 3 1 2 2 0 1 0 0 0 7 0 0 0 0 0 1 0 5 79 1 4 11 1 0 0 0 0 0 1 1 0 0 0 0 0 0 0 1 2 4 0 0 0 0 0 0 0 0 0 1 1 0 
0 7 0 0 14 608 0 0 9 0 12 0 0 0 0 0 19 0 0 21 0 0 967 0 253 581 0 0 553 0 4 29753 0 0 0 926 4 0 0 0 0 0 0 9 152 0 0 2 0 0 0 0 12 0 0 0 0 0 0 0 7 0 0 8 0 0 753 0 213 0 5 0 0 0 902 0 327 0 14 0 0 0 0 0 0 3 0 0 0 0 0 6 0 0 0 352 0 0 0 11 0 0 0 4 0 8 0 0 0 0 0 0 0 0 0 8 0 0 0 0 0 0 0 0 0 6 0 0 0 
0 1 0 0 4 138 0 0 0 0 0 0 0 0 0 0 3 0 0 0 0 0 0 0 38 163 0 0 305 0 0 9252 0 0 0 424 3 0 0 0 0 0 0 0 0 0 0 0 0 0 0 0 6 0 0 0 0 0 0 0 3 0 0 0 0 0 0 0 203 0 0 0 0 0 0 0 124 0 0 0 0 0 0 0 0 0 0 0 0 0 0 0 0 0 0 0 0 0 0 0 0 0 0 0 0 0 0 0 0 0 0 0 0 0 0 0 0 0 0 0 0 0 0 0 0 0 0 0 0 
0 2 0 0 6 230 0 0 0 0 1 0 0 0 0 0 8 0 0 0 0 0 0 0 141 293 0 0 522 0 0 13326 0 0 0 542 3 0 0 0 0 0 0 0 0 0 0 0 0 0 0 0 8 0 0 0 0 0 0 0 4 0 0 0 0 0 97 0 271 0 2 0 0 0 52 0 185 0 0 0 0 0 0 0 0 0 0 0 0 0 0 0 0 0 0 40 0 0 0 1 0 0 0 1 0 0 0 0 0 0 0 0 0 0 0 1 0 0 0 0 0 0 0 0 0 0 0 0 0 
0 3 0 0 11 254 0 0 2 0 1 0 0 0 0 0 18 0 0 8 0 0 244 0 109 457 0 0 482 0 0 13243 0 0 0 776 8 0 0 0 0 0 0 3 47 0 0 2 0 0 0 0 6 0 0 0 0 0 0 0 7 0 0 1 0 0 123 0 251 0 3 0 0 0 18 0 206 0 0 0 0 0 0 0 0 0 0 0 0 0 0 0 0 0 0 11 0 0 0 3 0 0 0 1 0 0 0 0 0 0 0 0 0 0 0 0 0 0 0 0 0 0 0 0 0 0 0 0 0 
0 5 0 0 11 512 0 0 2 0 9 0 0 0 0 0 13 0 0 0 0 0 239 0 253 560 0 0 558 0 0 27312 0 0 0 890 6 0 0 0 0 0 0 2 54 0 0 1 0 0 0 0 9 0 0 0 0 0 0 0 8 0 0 1 0 0 575 0 187 0 9 0 0 0 666 0 358 0 11 0 0 0 0 0 0 1 0 0 0 0 0 2 0 0 0 332 0 0 0 6 0 0 0 5 0 2 0 0 0 0 0 0 0 0 0 7 0 0 0 0 0 0 0 0 0 7 0 0 0 
0 3 0 0 10 317 0 0 2 0 1 0 0 0 0 0 9 0 0 3 0 0 280 0 114 553 0 0 702 0 0 17004 0 0 0 812 5 0 0 0 0 0 0 7 59 0 0 2 0 0 0 0 9 0 0 0 0 0 0 0 8 0 0 1 0 0 97 0 334 0 2 0 0 0 52 0 262 0 0 0 0 0 0 0 0 0 0 0 0 0 0 0 0 0 0 40 0 0 0 1 0 0 0 1 0 0 0 0 0 0 0 0 0 0 0 1 0 0 0 0 0 0 0 0 0 0 0 0 0 
0 3 0 0 10 317 0 0 2 0 1 0 0 0 0 0 9 0 0 3 0 0 280 0 114 553 0 0 702 0 0 17004 0 0 0 812 5 0 0 0 0 0 0 7 59 0 0 2 0 0 0 0 9 0 0 0 0 0 0 0 8 0 0 1 0 0 97 0 334 0 2 0 0 0 52 0 262 0 0 0 0 0 0 0 0 0 0 0 0 0 0 0 0 0 0 40 0 0 0 1 0 0 0 1 0 0 0 0 0 0 0 0 0 0 0 1 0 0 0 0 0 0 0 0 0 0 0 0 0 
0 2 0 0 8 174 0 0 0 0 1 0 0 0 0 0 9 0 0 0 0 0 0 0 85 501 0 0 376 0 0 9792 0 0 0 511 7 0 0 0 0 0 0 0 0 0 0 0 0 0 0 0 7 0 0 0 0 0 0 0 5 0 0 0 0 0 121 0 192 0 2 0 0 0 23 0 181 0 0 0 0 0 0 0 0 0 0 0 0 0 0 0 0 0 0 14 0 0 0 2 0 0 0 0 0 0 0 0 0 0 0 0 0 0 0 2 0 0 0 0 0 0 0 0 0 0 0 0 0 
13 5 71 54 13 429 77 22 3 3 7 1 7 71 50 117 13 120 50 4 48 795 305 233 240 765 4544 778 510 17 0 21443 275 2461 264 882 7 28 0 1 20 19 3 5 42 13 32 4 0 225 143 29 9 10 0 1 0 0 0 67 13 2 4 2 6 613 417 11 236 18 2 1 24 71 522 75 354 0 14 7 0 0 0 1 0 2 3 0 1 0 0 2 0 1 2 188 0 7 0 9 0 3 69 1 4 1 3 0 0 0 0 0 2 0 0 5 8 0 0 0 0 0 2 0 0 3 0 2 0 
0 2 0 0 6 230 0 0 0 0 1 0 0 0 0 0 8 0 0 0 0 0 0 0 141 293 0 0 522 0 0 13326 0 0 0 542 3 0 0 0 0 0 0 0 0 0 0 0 0 0 0 0 8 0 0 0 0 0 0 0 4 0 0 0 0 0 97 0 271 0 2 0 0 0 52 0 185 0 0 0 0 0 0 0 0 0 0 0 0 0 0 0 0 0 0 40 0 0 0 1 0 0 0 1 0 0 0 0 0 0 0 0 0 0 0 1 0 0 0 0 0 0 0 0 0 0 0 0 0 
0 3 0 0 7 298 0 0 1 0 2 0 0 0 0 0 8 0 0 1 0 0 152 0 211 335 0 0 625 0 0 15507 0 0 0 586 0 0 0 0 0 0 0 3 35 0 0 1 0 0 0 0 8 0 0 0 0 0 0 0 6 0 0 0 0 0 99 0 317 0 1 0 0 0 179 0 154 0 5 0 0 0 0 0 0 1 0 0 0 0 0 0 0 0 0 46 0 0 0 1 0 0 0 1 0 0 0 0 0 0 0 0 0 0 0 0 0 0 0 0 0 0 0 0 0 0 0 0 0 
0 3 0 0 12 352 0 0 0 0 4 0 0 0 0 0 8 0 0 0 0 0 0 0 163 490 0 0 404 0 0 20802 0 0 0 1129 14 0 0 0 0 0 0 0 0 0 0 0 0 0 0 0 7 0 0 0 0 0 0 0 13 0 0 0 0 0 325 0 192 0 6 0 0 0 269 0 371 0 5 0 0 0 0 0 0 0 0 0 0 0 0 0 0 0 0 159 0 0 0 5 0 0 0 4 0 0 0 0 0 0 0 0 0 0 0 6 0 0 0 0 0 0 0 0 0 2 0 0 0 
0 3 0 0 10 317 0 0 2 0 1 0 0 0 0 0 9 0 0 3 0 0 280 0 114 553 0 0 702 0 0 17004 0 0 0 812 5 0 0 0 0 0 0 7 59 0 0 2 0 0 0 0 9 0 0 0 0 0 0 0 8 0 0 1 0 0 97 0 334 0 2 0 0 0 52 0 262 0 0 0 0 0 0 0 0 0 0 0 0 0 0 0 0 0 0 40 0 0 0 1 0 0 0 1 0 0 0 0 0 0 0 0 0 0 0 1 0 0 0 0 0 0 0 0 0 0 0 0 0 
0 1 0 0 4 138 0 0 0 0 0 0 0 0 0 0 3 0 0 0 0 0 0 0 38 163 0 0 305 0 0 9252 0 0 0 424 3 0 0 0 0 0 0 0 0 0 0 0 0 0 0 0 6 0 0 0 0 0 0 0 3 0 0 0 0 0 0 0 203 0 0 0 0 0 0 0 124 0 0 0 0 0 0 0 0 0 0 0 0 0 0 0 0 0 0 0 0 0 0 0 0 0 0 0 0 0 0 0 0 0 0 0 0 0 0 0 0 0 0 0 0 0 0 0 0 0 0 0 0 
0 4 0 0 11 317 0 0 3 0 3 0 0 0 0 0 16 0 0 9 0 0 291 0 235 420 0 0 663 0 1 15373 0 0 0 664 8 0 0 0 0 0 0 5 34 0 0 0 0 0 0 0 9 0 0 0 0 0 0 0 4 0 0 0 0 0 319 0 251 0 9 0 0 0 98 0 225 0 2 0 0 0 0 0 0 3 0 0 0 0 0 0 0 0 0 82 0 0 0 4 0 0 0 2 0 0 0 0 0 0 0 0 0 0 0 1 0 0 0 0 0 0 0 0 0 0 0 0 0 
0 2 0 0 7 167 0 0 0 0 1 0 0 0 0 0 13 0 0 0 0 0 0 0 112 197 0 0 298 0 0 9565 0 0 0 506 6 0 0 0 0 0 0 0 0 0 0 0 0 0 0 0 5 0 0 0 0 0 0 0 3 0 0 0 0 0 123 0 188 0 3 0 0 0 18 0 129 0 0 0 0 0 0 0 0 0 0 0 0 0 0 0 0 0 0 11 0 0 0 3 0 0 0 1 0 0 0 0 0 0 0 0 0 0 0 0 0 0 0 0 0 0 0 0 0 0 0 0 0 
0 4 0 0 9 325 0 0 2 0 4 0 0 0 0 0 19 0 0 6 0 0 182 0 263 417 0 0 650 0 0 15741 0 0 0 530 5 0 0 0 0 0 0 3 17 0 0 0 0 0 0 0 7 0 0 0 0 0 0 0 2 0 0 1 0 0 301 0 300 0 6 0 0 0 250 0 188 0 1 0 0 0 0 0 0 1 0 0 0 0 0 0 0 0 0 99 0 0 0 6 0 0 0 3 0 1 0 0 0 0 0 0 0 0 0 1 0 0 0 0 0 0 0 0 0 1 0 0 0 
0 2 0 0 7 151 0 0 1 0 0 0 0 0 0 0 12 0 0 3 0 0 148 0 59 509 0 0 431 0 0 9325 0 0 0 453 3 0 0 0 0 0 0 3 0 0 0 1 0 0 0 0 8 0 0 0 0 0 0 0 6 0 0 0 0 0 0 0 208 0 0 0 0 0 0 0 131 0 0 0 0 0 0 0 0 0 0 0 0 0 0 0 0 0 0 0 0 0 0 0 0 0 0 0 0 0 0 0 0 0 0 0 0 0 0 0 0 0 0 0 0 0 0 0 0 0 0 0 0 
0 3 0 0 15 348 0 0 1 0 2 0 0 0 0 0 11 0 0 1 0 0 152 0 86 707 0 0 417 0 0 20492 0 0 0 1329 18 0 0 0 0 0 0 3 34 0 0 2 0 0 0 0 10 0 0 0 0 0 0 0 15 0 0 0 0 0 141 0 229 0 1 0 0 0 171 0 430 0 2 0 0 0 0 0 0 0 0 0 0 0 0 1 0 0 0 78 0 0 0 6 0 0 0 1 0 0 0 0 0 0 0 0 0 0 0 6 0 0 0 0 0 0 0 0 0 0 0 0 0 
94 3 269 174 7 227 4263 103 0 4 3 110 103 223 101 290 2 118 69 0 87 5093 0 6860 74 187 12507 16575 155 27 0 9143 125879 9496 5053 467 5 0 430 2 29 87 75 0 0 1147 38 0 22 185 204 150 3 4 2 0 3 438 169 105 2 43 37 0 18 8261 110 6538 73 214 1 33 105 7846 191 5646 110 194 5 0 114 0 1 6 6 0 22 7 0 1 0 0 41 0 1797 75 1588 49 85 3 182 73 127 1 92 0 49 33 11 0 1 3 1 112 77 2 88 50 0 1 1 1 3 0 3 1 34 33 34 
0 4 0 0 10 373 0 0 2 0 4 0 0 0 0 0 12 0 0 3 0 0 256 0 208 488 0 0 741 0 0 18580 0 0 0 734 4 0 0 0 0 0 0 3 57 0 0 2 0 0 0 0 9 0 0 0 0 0 0 0 6 0 0 0 0 0 358 0 303 0 8 0 0 0 196 0 271 0 4 0 0 0 0 0 0 1 0 0 0 0 0 1 0 0 0 94 0 0 0 2 0 0 0 2 0 2 0 0 0 0 0 0 0 0 0 2 0 0 0 0 0 0 0 0 0 0 0 0 0 
0 2 0 0 12 262 0 0 0 0 1 0 0 0 0 0 7 0 0 0 0 0 0 0 64 496 0 0 323 0 0 16862 0 0 0 1149 18 0 0 0 0 0 0 0 0 0 0 0 0 0 0 0 9 0 0 0 0 0 0 0 16 0 0 0 0 0 92 0 204 0 0 0 0 0 81 0 392 0 1 0 0 0 0 0 0 0 0 0 0 0 0 0 0 0 0 43 0 0 0 4 0 0 0 1 0 0 0 0 0 0 0 0 0 0 0 3 0 0 0 0 0 0 0 0 0 0 0 0 0 
0 4 0 0 9 390 0 0 3 0 3 0 0 0 0 0 8 0 0 4 0 0 392 0 208 465 0 0 837 0 0 19581 0 0 0 705 0 0 0 0 0 0 0 8 86 0 0 1 0 0 0 0 10 0 0 0 0 0 0 0 7 0 0 2 0 0 196 0 385 0 2 0 0 0 230 0 215 0 5 0 0 0 0 0 0 1 0 0 0 0 0 0 0 0 0 86 0 0 0 2 0 0 0 2 0 1 0 0 0 0 0 0 0 0 0 1 0 0 0 0 0 0 0 0 0 0 0 0 0 
56 4 214 174 8 274 1486 74 4 4 2 55 48 149 116 255 1 68 112 8 58 3650 437 2908 93 283 10792 6322 178 37 1 12466 25461 10624 3775 557 3 142 422 0 3 83 21 6 55 466 41 2 0 155 300 93 2 2 7 0 3 164 386 61 3 25 22 2 6 4161 156 1645 108 87 2 36 114 5246 43 1764 108 99 0 73 92 1 3 5 1 0 20 0 3 1 0 0 31 5 347 35 612 31 132 0 40 81 119 0 23 1 14 26 3 4 1 1 0 48 103 2 12 22 0 2 0 0 0 1 1 0 26 7 16 
31 4 11 106 13 157 465 74 3 1 3 0 17 0 24 253 21 19 144 10 194 5997 57 1598 85 1008 3176 330 351 28 1 7526 4495 55 1400 348 8 84 23 0 9 94 0 1 5 311 31 5 0 119 8 18 4 1 0 0 0 0 0 51 9 0 9 0 66 1516 359 0 171 42 4 0 0 0 28 362 128 0 0 8 10 3 0 0 0 3 12 0 0 1 0 0 0 1 68 5 0 34 0 5 0 0 3 1 12 0 11 0 0 0 2 0 0 0 0 5 3 0 0 0 0 0 0 0 0 0 0 2 0 
0 2 0 0 5 234 0 0 0 0 1 0 0 0 0 0 6 0 0 0 0 0 0 0 163 229 0 0 496 0 0 13742 0 0 0 449 3 0 0 0 0 0 0 0 0 0 0 0 0 0 0 0 8 0 0 0 0 0 0 0 3 0 0 0 0 0 85 0 232 0 3 0 0 0 45 0 192 0 0 0 0 0 0 0 0 0 0 0 0 0 0 0 0 0 0 52 0 0 0 0 0 0 0 0 0 0 0 0 0 0 0 0 0 0 0 1 0 0 0 0 0 0 0 0 0 0 0 0 0 
0 3 0 0 8 283 0 0 0 0 3 0 0 0 0 0 12 0 0 0 0 0 0 0 212 376 0 0 663 0 0 14568 0 0 0 637 4 0 0 0 0 0 0 0 0 0 0 0 0 0 0 0 8 0 0 0 0 0 0 0 4 0 0 0 0 0 288 0 287 0 6 0 0 0 125 0 195 0 3 0 0 0 0 0 0 0 0 0 0 0 0 0 0 0 0 75 0 0 0 2 0 0 0 3 0 0 0 0 0 0 0 0 0 0 0 1 0 0 0 0 0 0 0 0 0 1 0 0 0 
0 1 0 0 4 138 0 0 0 0 0 0 0 0 0 0 3 0 0 0 0 0 0 0 38 163 0 0 305 0 0 9252 0 0 0 424 3 0 0 0 0 0 0 0 0 0 0 0 0 0 0 0 6 0 0 0 0 0 0 0 3 0 0 0 0 0 0 0 203 0 0 0 0 0 0 0 124 0 0 0 0 0 0 0 0 0 0 0 0 0 0 0 0 0 0 0 0 0 0 0 0 0 0 0 0 0 0 0 0 0 0 0 0 0 0 0 0 0 0 0 0 0 0 0 0 0 0 0 0 
0 3 0 0 10 232 0 0 2 0 1 0 0 0 0 0 13 0 0 3 0 0 244 0 64 646 0 0 485 0 0 12827 0 0 0 703 5 0 0 0 0 0 0 3 36 0 0 4 0 0 0 0 7 0 0 0 0 0 0 0 8 0 0 1 0 0 132 0 260 0 3 0 0 0 4 0 204 0 0 0 0 0 0 0 0 0 0 0 0 0 0 0 0 0 0 4 0 0 0 1 0 0 0 0 0 0 0 0 0 0 0 0 0 0 0 1 0 0 0 0 0 0 0 0 0 0 0 0 0 
0 4 0 0 7 249 0 0 1 0 5 0 0 0 0 0 13 0 0 2 0 0 19 0 194 428 0 0 496 0 0 13374 0 0 0 459 3 0 0 0 0 0 0 0 0 0 0 0 0 0 0 0 8 0 0 0 0 0 0 0 3 0 0 0 0 0 536 0 221 0 10 0 0 0 74 0 191 0 1 0 0 0 0 0 0 2 0 0 0 0 0 0 0 0 0 59 0 0 0 0 0 0 0 0 0 0 0 0 0 0 0 0 0 0 0 4 0 0 0 0 0 0 0 0 0 2 0 0 0 
0 3 0 0 9 259 0 0 1 0 2 0 0 0 0 0 17 0 0 4 0 0 106 0 197 327 0 0 514 0 0 13640 0 0 0 624 6 0 0 0 0 0 0 1 8 0 0 0 0 0 0 0 7 0 0 0 0 0 0 0 4 0 0 0 0 0 218 0 256 0 5 0 0 0 70 0 190 0 0 0 0 0 0 0 0 1 0 0 0 0 0 0 0 0 0 51 0 0 0 4 0 0 0 2 0 0 0 0 0 0 0 0 0 0 0 1 0 0 0 0 0 0 0 0 0 0 0 0 0 
0 3 0 0 15 348 0 0 1 0 2 0 0 0 0 0 11 0 0 1 0 0 152 0 86 707 0 0 417 0 0 20492 0 0 0 1329 18 0 0 0 0 0 0 3 34 0 0 2 0 0 0 0 10 0 0 0 0 0 0 0 15 0 0 0 0 0 141 0 229 0 1 0 0 0 171 0 430 0 2 0 0 0 0 0 0 0 0 0 0 0 0 1 0 0 0 78 0 0 0 6 0 0 0 1 0 0 0 0 0 0 0 0 0 0 0 6 0 0 0 0 0 0 0 0 0 0 0 0 0 
0 3 0 0 10 232 0 0 2 0 1 0 0 0 0 0 13 0 0 3 0 0 244 0 64 646 0 0 485 0 0 12827 0 0 0 703 5 0 0 0 0 0 0 3 36 0 0 4 0 0 0 0 7 0 0 0 0 0 0 0 8 0 0 1 0 0 132 0 260 0 3 0 0 0 4 0 204 0 0 0 0 0 0 0 0 0 0 0 0 0 0 0 0 0 0 4 0 0 0 1 0 0 0 0 0 0 0 0 0 0 0 0 0 0 0 1 0 0 0 0 0 0 0 0 0 0 0 0 0 
0 3 0 0 6 240 0 0 0 0 3 0 0 0 0 0 11 0 0 0 0 0 0 0 170 362 0 0 486 0 0 13546 0 0 0 453 3 0 0 0 0 0 0 0 0 0 0 0 0 0 0 0 8 0 0 0 0 0 0 0 3 0 0 0 0 0 311 0 224 0 6 0 0 0 55 0 191 0 0 0 0 0 0 0 0 0 0 0 0 0 0 0 0 0 0 57 0 0 0 0 0 0 0 0 0 0 0 0 0 0 0 0 0 0 0 3 0 0 0 0 0 0 0 0 0 1 0 0 0 
0 2 0 0 6 230 0 0 0 0 1 0 0 0 0 0 8 0 0 0 0 0 0 0 141 293 0 0 522 0 0 13326 0 0 0 542 3 0 0 0 0 0 0 0 0 0 0 0 0 0 0 0 8 0 0 0 0 0 0 0 4 0 0 0 0 0 97 0 271 0 2 0 0 0 52 0 185 0 0 0 0 0 0 0 0 0 0 0 0 0 0 0 0 0 0 40 0 0 0 1 0 0 0 1 0 0 0 0 0 0 0 0 0 0 0 1 0 0 0 0 0 0 0 0 0 0 0 0 0 
0 2 0 0 6 230 0 0 0 0 1 0 0 0 0 0 8 0 0 0 0 0 0 0 141 293 0 0 522 0 0 13326 0 0 0 542 3 0 0 0 0 0 0 0 0 0 0 0 0 0 0 0 8 0 0 0 0 0 0 0 4 0 0 0 0 0 97 0 271 0 2 0 0 0 52 0 185 0 0 0 0 0 0 0 0 0 0 0 0 0 0 0 0 0 0 40 0 0 0 1 0 0 0 1 0 0 0 0 0 0 0 0 0 0 0 1 0 0 0 0 0 0 0 0 0 0 0 0 0 
0 4 0 0 13 404 0 0 0 0 7 0 0 0 0 0 11 0 0 0 0 0 0 0 231 544 0 0 445 0 0 22016 0 0 0 1124 12 0 0 0 0 0 0 0 0 0 0 0 0 0 0 0 8 0 0 0 0 0 0 0 10 0 0 0 0 0 545 0 183 0 11 0 0 0 442 0 355 0 11 0 0 0 0 0 0 0 0 0 0 0 0 0 0 0 0 216 0 0 0 6 0 0 0 4 0 0 0 0 0 0 0 0 0 0 0 7 0 0 1 0 0 0 0 0 0 5 0 0 0 
0 2 0 0 5 234 0 0 0 0 1 0 0 0 0 0 6 0 0 0 0 0 0 0 163 229 0 0 496 0 0 13742 0 0 0 449 3 0 0 0 0 0 0 0 0 0 0 0 0 0 0 0 8 0 0 0 0 0 0 0 3 0 0 0 0 0 85 0 232 0 3 0 0 0 45 0 192 0 0 0 0 0 0 0 0 0 0 0 0 0 0 0 0 0 0 52 0 0 0 0 0 0 0 0 0 0 0 0 0 0 0 0 0 0 0 1 0 0 0 0 0 0 0 0 0 0 0 0 0 
0 2 0 0 5 205 0 0 0 0 1 0 0 0 0 0 8 0 0 0 0 0 0 0 124 298 0 0 514 0 0 11397 0 0 0 400 2 0 0 0 0 0 0 0 0 0 0 0 0 0 0 0 8 0 0 0 0 0 0 0 2 0 0 0 0 0 38 0 270 0 1 0 0 0 110 0 143 0 1 0 0 0 0 0 0 0 0 0 0 0 0 0 0 0 0 28 0 0 0 1 0 0 0 0 0 0 0 0 0 0 0 0 0 0 0 1 0 0 0 0 0 0 0 0 0 0 0 0 0 
0 2 0 0 7 192 0 0 0 0 1 0 0 0 0 0 8 0 0 0 0 0 0 0 110 320 0 0 484 0 0 10567 0 0 0 557 5 0 0 0 0 0 0 0 0 0 0 0 0 0 0 0 8 0 0 0 0 0 0 0 4 0 0 0 0 0 117 0 237 0 3 0 0 0 35 0 152 0 2 0 0 0 0 0 0 0 0 0 0 0 0 0 0 0 0 19 0 0 0 1 0 0 0 1 0 0 0 0 0 0 0 0 0 0 0 0 0 0 0 0 0 0 0 0 0 0 0 0 0 
0 4 0 0 11 417 0 0 0 0 7 0 0 0 0 0 12 0 0 0 0 0 0 0 245 551 0 0 454 0 0 22875 0 0 0 947 9 0 0 0 0 0 0 0 0 0 0 0 0 0 0 0 7 0 0 0 0 0 0 0 10 0 0 0 0 0 437 0 199 0 8 0 0 0 538 0 332 0 10 0 0 0 0 0 0 0 0 0 0 0 0 0 0 0 0 241 0 0 0 6 0 0 0 5 0 0 0 0 0 0 0 0 0 0 0 5 0 0 0 0 0 0 0 0 0 6 0 0 0 
0 2 0 0 12 262 0 0 0 0 1 0 0 0 0 0 7 0 0 0 0 0 0 0 64 496 0 0 323 0 0 16862 0 0 0 1149 18 0 0 0 0 0 0 0 0 0 0 0 0 0 0 0 9 0 0 0 0 0 0 0 16 0 0 0 0 0 92 0 204 0 0 0 0 0 81 0 392 0 1 0 0 0 0 0 0 0 0 0 0 0 0 0 0 0 0 43 0 0 0 4 0 0 0 1 0 0 0 0 0 0 0 0 0 0 0 3 0 0 0 0 0 0 0 0 0 0 0 0 0 
0 2 0 0 7 154 0 0 0 0 1 0 0 0 0 0 8 0 0 0 0 0 0 0 74 477 0 0 449 0 0 9249 0 0 0 460 4 0 0 0 0 0 0 0 0 0 0 0 0 0 0 0 6 0 0 0 0 0 0 0 5 0 0 0 0 0 132 0 205 0 3 0 0 0 13 0 133 0 0 0 0 0 0 0 0 0 0 0 0 0 0 0 0 0 0 3 0 0 0 2 0 0 0 1 0 0 0 0 0 0 0 0 0 0 0 1 0 0 0 0 0 0 0 0 0 0 0 0 0 
0 4 0 0 12 447 0 0 1 0 6 0 0 0 0 0 10 0 0 1 0 0 129 0 223 501 0 0 509 0 0 25239 0 0 0 1071 10 0 0 0 0 0 0 1 29 0 0 0 0 0 0 0 9 0 0 0 0 0 0 0 11 0 0 0 0 0 463 0 180 0 8 0 0 0 398 0 397 0 8 0 0 0 0 0 0 1 0 0 0 0 0 1 0 0 0 250 0 0 0 5 0 0 0 4 0 1 0 0 0 0 0 0 0 0 0 8 0 0 0 0 0 0 0 0 0 3 0 0 0 
0 4 0 0 16 400 0 0 1 0 5 0 0 0 0 0 12 0 0 1 0 0 152 0 154 756 0 0 449 0 0 21701 0 0 0 1313 15 0 0 0 0 0 0 3 33 0 0 2 0 0 0 0 8 0 0 0 0 0 0 0 13 0 0 0 0 0 366 0 230 0 8 0 0 0 353 0 424 0 8 0 0 0 0 0 0 0 0 0 0 0 0 2 0 0 0 126 0 0 0 7 0 0 0 4 0 0 0 0 0 0 0 0 0 0 0 7 0 0 0 0 0 0 0 0 0 2 0 0 0 
0 3 0 0 15 348 0 0 1 0 2 0 0 0 0 0 11 0 0 1 0 0 152 0 86 707 0 0 417 0 0 20492 0 0 0 1329 18 0 0 0 0 0 0 3 34 0 0 2 0 0 0 0 10 0 0 0 0 0 0 0 15 0 0 0 0 0 141 0 229 0 1 0 0 0 171 0 430 0 2 0 0 0 0 0 0 0 0 0 0 0 0 1 0 0 0 78 0 0 0 6 0 0 0 1 0 0 0 0 0 0 0 0 0 0 0 6 0 0 0 0 0 0 0 0 0 0 0 0 0 
0 4 0 0 9 379 0 0 2 0 4 0 0 0 0 0 11 0 0 2 0 0 232 0 227 442 0 0 850 0 0 19060 0 0 0 662 4 0 0 0 0 0 0 4 53 0 0 0 0 0 0 0 10 0 0 0 0 0 0 0 4 0 0 1 0 0 369 0 316 0 9 0 0 0 170 0 263 0 3 0 0 0 0 0 0 2 0 0 0 0 0 0 0 0 0 127 0 0 0 2 0 0 0 3 0 0 0 0 0 0 0 0 0 0 0 2 0 0 0 0 0 0 0 0 0 1 0 0 0 
0 2 0 0 12 262 0 0 0 0 1 0 0 0 0 0 7 0 0 0 0 0 0 0 64 496 0 0 323 0 0 16862 0 0 0 1149 18 0 0 0 0 0 0 0 0 0 0 0 0 0 0 0 9 0 0 0 0 0 0 0 16 0 0 0 0 0 92 0 204 0 0 0 0 0 81 0 392 0 1 0 0 0 0 0 0 0 0 0 0 0 0 0 0 0 0 43 0 0 0 4 0 0 0 1 0 0 0 0 0 0 0 0 0 0 0 3 0 0 0 0 0 0 0 0 0 0 0 0 0 
0 2 0 0 6 230 0 0 0 0 1 0 0 0 0 0 8 0 0 0 0 0 0 0 141 293 0 0 522 0 0 13326 0 0 0 542 3 0 0 0 0 0 0 0 0 0 0 0 0 0 0 0 8 0 0 0 0 0 0 0 4 0 0 0 0 0 97 0 271 0 2 0 0 0 52 0 185 0 0 0 0 0 0 0 0 0 0 0 0 0 0 0 0 0 0 40 0 0 0 1 0 0 0 1 0 0 0 0 0 0 0 0 0 0 0 1 0 0 0 0 0 0 0 0 0 0 0 0 0 
0 1 0 0 3 8 0 0 0 0 0 0 0 0 0 0 8 0 0 0 0 0 0 0 7 359 0 0 0 0 0 28 0 0 0 15 0 0 0 0 0 0 0 0 0 0 0 0 0 0 0 0 0 0 0 0 0 0 0 0 3 0 0 0 0 0 0 0 0 0 0 0 0 0 0 0 9 0 0 0 0 0 0 0 0 0 0 0 0 0 0 0 0 0 0 0 0 0 0 0 0 0 0 0 0 0 0 0 0 0 0 0 0 0 0 0 0 0 0 0 0 0 0 0 0 0 0 0 0 
0 2 0 0 9 19 0 0 1 0 0 0 0 0 0 0 20 0 0 3 0 0 19 0 25 968 0 0 29 0 0 81 0 0 0 68 4 0 0 0 0 0 0 0 0 0 0 3 0 0 0 0 0 0 0 0 0 0 0 0 14 0 0 0 0 0 0 0 2 0 0 0 0 0 0 0 22 0 0 0 0 0 0 0 0 0 0 0 0 0 0 0 0 0 0 0 0 0 0 0 0 0 0 0 0 0 0 0 0 0 0 0 0 0 0 0 0 0 0 0 0 0 0 0 0 0 0 0 0 
0 3 0 0 8 119 0 0 2 0 1 0 0 0 0 0 16 0 0 4 0 0 126 0 202 764 0 0 385 0 0 3305 0 0 0 174 1 0 0 0 0 0 0 1 0 0 0 3 0 0 0 0 2 0 0 0 0 0 0 0 8 0 0 1 0 0 59 0 90 0 0 0 0 0 23 0 69 0 3 0 0 0 0 0 0 0 0 0 0 0 0 0 0 0 0 14 0 0 0 1 0 0 0 1 0 0 0 0 0 0 0 0 0 0 0 0 0 0 0 0 0 0 0 0 0 0 0 0 0 
0 2 0 0 4 161 0 0 0 0 1 0 0 0 0 0 8 0 0 0 0 0 0 0 248 223 0 0 436 0 0 6302 0 0 0 274 0 0 0 0 0 0 0 0 0 0 0 0 0 0 0 0 4 0 0 0 0 0 0 0 3 0 0 0 0 0 52 0 140 0 1 0 0 0 66 0 56 0 2 0 0 0 0 0 0 0 0 0 0 0 0 0 0 0 0 21 0 0 0 1 0 0 0 0 0 0 0 0 0 0 0 0 0 0 0 0 0 0 0 0 0 0 0 0 0 0 0 0 0 
0 3 0 0 10 127 0 0 2 0 1 0 0 0 0 0 24 0 0 11 0 0 185 0 162 705 0 0 197 0 0 4158 0 0 0 369 4 0 0 0 0 0 0 1 14 0 0 1 0 0 0 0 2 0 0 0 0 0 0 0 8 0 0 1 0 0 9 0 63 0 2 0 0 0 29 0 97 0 2 0 0 0 0 0 0 0 0 0 0 0 0 0 0 0 0 1 0 0 0 0 0 0 0 0 0 0 0 0 0 0 0 0 0 0 0 1 0 0 0 0 0 0 0 0 0 0 0 0 0 
0 1 0 0 4 87 0 0 0 0 0 0 0 0 0 0 8 0 0 0 0 0 0 0 95 264 0 0 187 0 0 3678 0 0 0 270 2 0 0 0 0 0 0 0 0 0 0 0 0 0 0 0 1 0 0 0 0 0 0 0 4 0 0 0 0 0 0 0 63 0 0 0 0 0 0 0 77 0 0 0 0 0 0 0 0 0 0 0 0 0 0 0 0 0 0 0 0 0 0 0 0 0 0 0 0 0 0 0 0 0 0 0 0 0 0 0 0 0 0 0 0 0 0 0 0 0 0 0 0 
0 2 0 0 12 211 0 0 0 0 1 0 0 0 0 0 11 0 0 0 0 0 0 0 119 640 0 0 196 0 0 11331 0 0 0 985 15 0 0 0 0 0 0 0 0 0 0 0 0 0 0 0 6 0 0 0 0 0 0 0 19 0 0 0 0 0 49 0 74 0 1 0 0 0 90 0 353 0 3 0 0 0 0 0 0 0 0 0 0 0 0 0 0 0 0 35 0 0 0 2 0 0 0 0 0 0 0 0 0 0 0 0 0 0 0 3 0 0 0 0 0 0 0 0 0 0 0 0 0 
0 5 0 0 14 191 0 0 7 0 3 0 0 0 0 0 27 0 0 21 0 0 416 0 226 1308 0 0 746 0 4 5899 0 0 0 393 5 0 0 0 0 0 0 10 16 0 0 8 0 0 0 0 7 0 0 0 0 0 0 0 11 0 0 3 0 0 196 0 148 0 4 0 0 0 68 0 133 0 2 0 0 0 0 0 0 1 0 0 0 0 0 0 0 0 0 20 0 0 0 2 0 0 0 0 0 2 0 0 0 0 0 0 0 0 0 2 0 0 0 0 0 0 0 0 0 0 0 0 0 
0 4 0 0 12 238 0 0 4 0 2 0 0 0 0 0 22 0 0 15 0 0 338 0 243 719 0 0 627 0 1 7582 0 0 0 527 6 0 0 0 0 0 0 7 38 0 0 1 0 0 0 0 6 0 0 0 0 0 0 0 9 0 0 2 0 0 145 0 188 0 6 0 0 0 97 0 163 0 3 0 0 0 0 0 0 1 0 0 0 0 0 0 0 0 0 25 0 0 0 0 0 0 0 1 0 0 0 0 0 0 0 0 0 0 0 1 0 0 0 0 0 0 0 0 0 0 0 0 0 
0 4 0 0 8 350 0 0 4 0 2 0 0 0 0 0 11 0 0 6 0 0 476 0 243 520 0 0 861 0 1 14968 0 0 0 446 0 0 0 0 0 0 0 9 112 0 0 1 0 0 0 0 10 0 0 0 0 0 0 0 5 0 0 2 0 0 131 0 314 0 2 0 0 0 137 0 263 0 1 0 0 0 0 0 0 0 0 0 0 0 0 1 0 0 0 37 0 0 0 2 0 0 0 0 0 0 0 0 0 0 0 0 0 0 0 1 0 0 0 0 0 0 0 0 0 0 0 0 0 
0 4 0 0 12 375 0 0 2 0 5 0 0 0 0 0 10 0 0 4 0 0 241 0 263 650 0 0 481 0 0 17952 0 0 0 932 5 0 0 0 0 0 0 4 49 0 0 0 0 0 0 0 7 0 0 0 0 0 0 0 14 0 0 1 0 0 277 0 145 0 4 0 0 0 383 0 319 0 11 0 0 0 0 0 0 0 0 0 0 0 0 2 0 0 0 165 0 0 0 6 0 0 0 3 0 2 0 0 0 0 0 0 0 0 0 6 0 0 0 0 0 0 0 0 0 1 0 0 0 
0 3 0 0 12 277 0 0 0 0 3 0 0 0 0 0 14 0 0 0 0 0 0 0 202 716 0 0 377 0 0 13418 0 0 0 932 11 0 0 0 0 0 0 0 0 0 0 0 0 0 0 0 8 0 0 0 0 0 0 0 16 0 0 0 0 0 146 0 113 0 4 0 0 0 228 0 343 0 7 0 0 0 0 0 0 0 0 0 0 0 0 0 0 0 0 89 0 0 0 3 0 0 0 0 0 0 0 0 0 0 0 0 0 0 0 5 0 0 0 0 0 0 0 0 0 1 0 0 0 
0 5 0 0 16 397 0 0 5 0 6 0 0 0 0 0 22 0 0 22 0 0 531 0 239 915 0 0 443 0 1 17845 0 0 0 998 11 0 0 0 0 0 0 7 63 0 0 2 0 0 0 0 7 0 0 0 0 0 0 0 16 0 0 6 0 0 327 0 119 0 7 0 0 0 433 0 359 0 9 0 0 0 0 0 0 0 0 0 0 0 0 1 0 0 0 186 0 0 0 5 0 0 0 3 0 2 0 0 0 0 0 0 0 0 0 7 0 0 0 0 0 0 0 0 0 3 0 0 0 
0 1 0 0 4 87 0 0 0 0 0 0 0 0 0 0 8 0 0 0 0 0 0 0 95 264 0 0 187 0 0 3678 0 0 0 270 2 0 0 0 0 0 0 0 0 0 0 0 0 0 0 0 1 0 0 0 0 0 0 0 4 0 0 0 0 0 0 0 63 0 0 0 0 0 0 0 77 0 0 0 0 0 0 0 0 0 0 0 0 0 0 0 0 0 0 0 0 0 0 0 0 0 0 0 0 0 0 0 0 0 0 0 0 0 0 0 0 0 0 0 0 0 0 0 0 0 0 0 0 
0 4 0 0 13 337 0 0 1 0 5 0 0 0 0 0 14 0 0 3 0 0 98 0 304 725 0 0 418 0 0 15241 0 0 0 919 6 0 0 0 0 0 0 1 14 0 0 0 0 0 0 0 7 0 0 0 0 0 0 0 15 0 0 0 0 0 249 0 138 0 5 0 0 0 395 0 313 0 15 0 0 0 0 0 0 0 0 0 0 0 0 1 0 0 0 117 0 0 0 5 0 0 0 3 0 1 0 0 0 0 0 0 0 0 0 4 0 0 0 0 0 0 0 0 0 2 0 0 0 
0 2 0 0 12 211 0 0 0 0 1 0 0 0 0 0 11 0 0 0 0 0 0 0 119 640 0 0 196 0 0 11331 0 0 0 985 15 0 0 0 0 0 0 0 0 0 0 0 0 0 0 0 6 0 0 0 0 0 0 0 19 0 0 0 0 0 49 0 74 0 1 0 0 0 90 0 353 0 3 0 0 0 0 0 0 0 0 0 0 0 0 0 0 0 0 35 0 0 0 2 0 0 0 0 0 0 0 0 0 0 0 0 0 0 0 3 0 0 0 0 0 0 0 0 0 0 0 0 0 
0 3 0 0 11 284 0 0 0 0 3 0 0 0 0 0 11 0 0 0 0 0 0 0 266 559 0 0 352 0 0 13916 0 0 0 897 7 0 0 0 0 0 0 0 0 0 0 0 0 0 0 0 7 0 0 0 0 0 0 0 17 0 0 0 0 0 141 0 117 0 2 0 0 0 249 0 300 0 11 0 0 0 0 0 0 0 0 0 0 0 0 0 0 0 0 87 0 0 0 4 0 0 0 1 0 0 0 0 0 0 0 0 0 0 0 2 0 0 0 0 0 0 0 0 0 1 0 0 0 
0 3 0 0 13 302 0 0 1 0 3 0 0 0 0 0 11 0 0 3 0 0 129 0 170 731 0 0 326 0 0 15367 0 0 0 1019 12 0 0 0 0 0 0 3 23 0 0 0 0 0 0 0 6 0 0 0 0 0 0 0 16 0 0 0 0 0 185 0 102 0 4 0 0 0 225 0 372 0 5 0 0 0 0 0 0 0 0 0 0 0 0 1 0 0 0 113 0 0 0 4 0 0 0 2 0 1 0 0 0 0 0 0 0 0 0 7 0 0 0 0 0 0 0 0 0 0 0 0 0 
0 5 0 0 17 427 0 0 6 0 5 0 0 0 0 0 23 0 0 21 0 0 697 0 223 897 0 0 411 0 2 20244 0 0 0 1039 10 0 0 0 0 0 0 9 88 0 0 4 0 0 0 0 9 0 0 0 0 0 0 0 16 0 0 6 0 0 319 0 125 0 4 0 0 0 380 0 451 0 9 0 0 0 0 0 0 0 0 0 0 0 0 2 0 0 0 168 0 0 0 5 0 0 0 2 0 2 0 0 0 0 0 0 0 0 0 9 0 0 0 0 0 0 0 0 0 1 0 0 0 
0 2 0 0 4 161 0 0 0 0 1 0 0 0 0 0 8 0 0 0 0 0 0 0 248 223 0 0 436 0 0 6302 0 0 0 274 0 0 0 0 0 0 0 0 0 0 0 0 0 0 0 0 4 0 0 0 0 0 0 0 3 0 0 0 0 0 52 0 140 0 1 0 0 0 66 0 56 0 2 0 0 0 0 0 0 0 0 0 0 0 0 0 0 0 0 21 0 0 0 1 0 0 0 0 0 0 0 0 0 0 0 0 0 0 0 0 0 0 0 0 0 0 0 0 0 0 0 0 0 
0 4 0 0 17 332 0 0 4 0 3 0 0 0 0 0 22 0 0 22 0 0 457 0 176 884 0 0 335 0 1 15802 0 0 0 1121 15 0 0 0 0 0 0 5 54 0 0 2 0 0 0 0 7 0 0 0 0 0 0 0 19 0 0 3 0 0 185 0 102 0 4 0 0 0 225 0 389 0 5 0 0 0 0 0 0 0 0 0 0 0 0 1 0 0 0 113 0 0 0 4 0 0 0 2 0 1 0 0 0 0 0 0 0 0 0 7 0 0 0 0 0 0 0 0 0 0 0 0 0 
0 1 0 0 4 87 0 0 0 0 0 0 0 0 0 0 8 0 0 0 0 0 0 0 95 264 0 0 187 0 0 3678 0 0 0 270 2 0 0 0 0 0 0 0 0 0 0 0 0 0 0 0 1 0 0 0 0 0 0 0 4 0 0 0 0 0 0 0 63 0 0 0 0 0 0 0 77 0 0 0 0 0 0 0 0 0 0 0 0 0 0 0 0 0 0 0 0 0 0 0 0 0 0 0 0 0 0 0 0 0 0 0 0 0 0 0 0 0 0 0 0 0 0 0 0 0 0 0 0 
0 2 0 0 12 211 0 0 0 0 1 0 0 0 0 0 11 0 0 0 0 0 0 0 119 640 0 0 196 0 0 11331 0 0 0 985 15 0 0 0 0 0 0 0 0 0 0 0 0 0 0 0 6 0 0 0 0 0 0 0 19 0 0 0 0 0 49 0 74 0 1 0 0 0 90 0 353 0 3 0 0 0 0 0 0 0 0 0 0 0 0 0 0 0 0 35 0 0 0 2 0 0 0 0 0 0 0 0 0 0 0 0 0 0 0 3 0 0 0 0 0 0 0 0 0 0 0 0 0 
0 2 0 0 8 98 0 0 1 0 0 0 0 0 0 0 21 0 0 4 0 0 90 0 116 606 0 0 319 0 0 3730 0 0 0 300 5 0 0 0 0 0 0 2 3 0 0 1 0 0 0 0 3 0 0 0 0 0 0 0 7 0 0 0 0 0 0 0 66 0 0 0 0 0 0 0 89 0 0 0 0 0 0 0 0 0 0 0 0 0 0 0 0 0 0 0 0 0 0 0 0 0 0 0 0 0 0 0 0 0 0 0 0 0 0 0 0 0 0 0 0 0 0 0 0 0 0 0 0 
0 5 0 0 11 440 0 0 3 0 8 0 0 0 0 0 12 0 0 4 0 0 338 0 302 681 0 0 591 0 0 19995 0 0 0 810 2 0 0 0 0 0 0 4 70 0 0 0 0 0 0 0 7 0 0 0 0 0 0 0 11 0 0 2 0 0 419 0 162 0 6 0 0 0 590 0 289 0 13 0 0 0 0 0 0 0 0 0 0 0 0 3 0 0 0 238 0 0 0 7 0 0 0 4 0 4 0 0 0 0 0 0 0 0 0 6 0 0 0 0 0 0 0 0 0 4 0 0 0 
0 3 0 0 7 254 0 0 2 0 1 0 0 0 0 0 9 0 0 4 0 0 241 0 245 450 0 0 699 0 0 10472 0 0 0 445 0 0 0 0 0 0 0 6 51 0 0 0 0 0 0 0 8 0 0 0 0 0 0 0 6 0 0 1 0 0 52 0 250 0 1 0 0 0 66 0 159 0 2 0 0 0 0 0 0 0 0 0 0 0 0 0 0 0 0 21 0 0 0 1 0 0 0 0 0 0 0 0 0 0 0 0 0 0 0 0 0 0 0 0 0 0 0 0 0 0 0 0 0 
0 4 0 0 9 288 0 0 2 0 4 0 0 0 0 0 14 0 0 4 0 0 241 0 289 737 0 0 661 0 0 10963 0 0 0 423 0 0 0 0 0 0 0 5 50 0 0 0 0 0 0 0 7 0 0 0 0 0 0 0 7 0 0 1 0 0 224 0 224 0 4 0 0 0 198 0 199 0 5 0 0 0 0 0 0 0 0 0 0 0 0 1 0 0 0 48 0 0 0 2 0 0 0 1 0 1 0 0 0 0 0 0 0 0 0 3 0 0 0 0 0 0 0 0 0 1 0 0 0 
0 1 0 0 4 87 0 0 0 0 0 0 0 0 0 0 8 0 0 0 0 0 0 0 95 264 0 0 187 0 0 3678 0 0 0 270 2 0 0 0 0 0 0 0 0 0 0 0 0 0 0 0 1 0 0 0 0 0 0 0 4 0 0 0 0 0 0 0 63 0 0 0 0 0 0 0 77 0 0 0 0 0 0 0 0 0 0 0 0 0 0 0 0 0 0 0 0 0 0 0 0 0 0 0 0 0 0 0 0 0 0 0 0 0 0 0 0 0 0 0 0 0 0 0 0 0 0 0 0 
0 2 0 0 7 180 0 0 1 0 0 0 0 0 0 0 11 0 0 3 0 0 129 0 148 491 0 0 452 0 0 7848 0 0 0 441 2 0 0 0 0 0 0 4 24 0 0 0 0 0 0 0 5 0 0 0 0 0 0 0 7 0 0 0 0 0 0 0 173 0 0 0 0 0 0 0 180 0 0 0 0 0 0 0 0 0 0 0 0 0 0 0 0 0 0 0 0 0 0 0 0 0 0 0 0 0 0 0 0 0 0 0 0 0 0 0 0 0 0 0 0 0 0 0 0 0 0 0 0 
0 3 0 0 12 277 0 0 0 0 3 0 0 0 0 0 14 0 0 0 0 0 0 0 202 716 0 0 377 0 0 13418 0 0 0 932 11 0 0 0 0 0 0 0 0 0 0 0 0 0 0 0 8 0 0 0 0 0 0 0 16 0 0 0 0 0 146 0 113 0 4 0 0 0 228 0 343 0 7 0 0 0 0 0 0 0 0 0 0 0 0 0 0 0 0 89 0 0 0 3 0 0 0 0 0 0 0 0 0 0 0 0 0 0 0 5 0 0 0 0 0 0 0 0 0 1 0 0 0 
0 5 0 0 15 320 0 0 5 0 5 0 0 0 0 0 27 0 0 7 0 0 488 0 255 1331 0 0 593 0 1 12775 0 0 0 465 4 0 0 0 0 0 0 9 59 0 0 9 0 0 0 0 8 0 0 0 0 0 0 0 14 0 0 4 0 0 363 0 210 0 4 0 0 0 212 0 330 0 5 0 0 0 0 0 0 2 0 0 0 0 0 1 0 0 0 45 0 0 0 2 0 0 0 0 0 1 0 0 0 0 0 0 0 0 0 8 0 0 0 0 0 0 0 0 0 1 0 0 0 
0 2 0 0 8 117 0 0 1 0 0 0 0 0 0 0 21 0 0 8 0 0 93 0 143 421 0 0 198 0 0 4113 0 0 0 372 5 0 0 0 0 0 0 0 12 0 0 0 0 0 0 0 2 0 0 0 0 0 0 0 7 0 0 0 0 0 0 0 63 0 0 0 0 0 0 0 94 0 0 0 0 0 0 0 0 0 0 0 0 0 0 0 0 0 0 0 0 0 0 0 0 0 0 0 0 0 0 0 0 0 0 0 0 0 0 0 0 0 0 0 0 0 0 0 0 0 0 0 0 
0 3 0 0 7 254 0 0 2 0 1 0 0 0 0 0 9 0 0 4 0 0 241 0 245 450 0 0 699 0 0 10472 0 0 0 445 0 0 0 0 0 0 0 6 51 0 0 0 0 0 0 0 8 0 0 0 0 0 0 0 6 0 0 1 0 0 52 0 250 0 1 0 0 0 66 0 159 0 2 0 0 0 0 0 0 0 0 0 0 0 0 0 0 0 0 21 0 0 0 1 0 0 0 0 0 0 0 0 0 0 0 0 0 0 0 0 0 0 0 0 0 0 0 0 0 0 0 0 0 
0 3 0 0 14 264 0 0 0 0 3 0 0 0 0 0 15 0 0 0 0 0 0 0 187 806 0 0 263 0 0 12656 0 0 0 1006 13 0 0 0 0 0 0 0 0 0 0 0 0 0 0 0 6 0 0 0 0 0 0 0 17 0 0 0 0 0 157 0 95 0 5 0 0 0 237 0 366 0 9 0 0 0 0 0 0 0 0 0 0 0 0 0 0 0 0 65 0 0 0 3 0 0 0 2 0 0 0 0 0 0 0 0 0 0 0 5 0 0 0 0 0 0 0 0 0 1 0 0 0 
0 3 0 0 13 127 0 0 2 0 1 0 0 0 0 0 26 0 0 9 0 0 186 0 157 1021 0 0 196 0 0 4158 0 0 0 392 7 0 0 0 0 0 0 2 13 0 0 3 0 0 0 0 2 0 0 0 0 0 0 0 17 0 0 1 0 0 9 0 63 0 5 0 0 0 29 0 104 0 2 0 0 0 0 0 0 0 0 0 0 0 0 0 0 0 0 1 0 0 0 0 0 0 0 0 0 0 0 0 0 0 0 0 0 0 0 1 0 0 0 0 0 0 0 0 0 0 0 0 0 
0 4 0 0 12 367 0 0 1 0 6 0 0 0 0 0 14 0 0 3 0 0 129 0 253 762 0 0 437 0 0 17410 0 0 0 896 8 0 0 0 0 0 0 2 23 0 0 0 0 0 0 0 6 0 0 0 0 0 0 0 13 0 0 0 0 0 327 0 119 0 7 0 0 0 433 0 342 0 9 0 0 0 0 0 0 0 0 0 0 0 0 1 0 0 0 186 0 0 0 5 0 0 0 3 0 2 0 0 0 0 0 0 0 0 0 7 0 0 0 0 0 0 0 0 0 3 0 0 0 
0 2 0 0 12 211 0 0 0 0 1 0 0 0 0 0 11 0 0 0 0 0 0 0 119 640 0 0 196 0 0 11331 0 0 0 985 15 0 0 0 0 0 0 0 0 0 0 0 0 0 0 0 6 0 0 0 0 0 0 0 19 0 0 0 0 0 49 0 74 0 1 0 0 0 90 0 353 0 3 0 0 0 0 0 0 0 0 0 0 0 0 0 0 0 0 35 0 0 0 2 0 0 0 0 0 0 0 0 0 0 0 0 0 0 0 3 0 0 0 0 0 0 0 0 0 0 0 0 0 
76 1 315 71 1 11 2750 155 0 3 0 100 1 274 71 50 1 102 120 0 255 9370 0 7198 17 44 778 15260 0 60 0 55 64218 12937 2461 9 0 0 866 1 3 20 111 0 0 1870 0 0 43 29 225 143 0 1 10 0 8 245 0 0 0 33 2 0 84 11 0 4792 0 1 0 24 158 7707 0 71 2 234 0 0 262 0 0 0 1 0 0 14 0 0 1 0 140 0 0 0 1164 0 0 0 84 69 4 0 3 0 0 57 0 0 2 1 0 80 0 0 0 0 0 0 0 2 0 0 0 0 0 0 28 
0 3 0 0 6 265 0 0 3 0 0 0 0 0 0 0 9 0 0 5 0 0 349 0 199 387 0 0 815 0 1 11419 0 0 0 313 0 0 0 0 0 0 0 5 89 0 0 1 0 0 0 0 9 0 0 0 0 0 0 0 4 0 0 0 0 0 0 0 292 0 0 0 0 0 0 0 226 0 0 0 0 0 0 0 0 0 0 0 0 0 0 0 0 0 0 0 0 0 0 0 0 0 0 0 0 0 0 0 0 0 0 0 0 0 0 0 0 0 0 0 0 0 0 0 0 0 0 0 0 
0 3 0 0 7 181 0 0 1 0 2 0 0 0 0 0 17 0 0 2 0 0 107 0 231 614 0 0 561 0 0 7141 0 0 0 178 0 0 0 0 0 0 0 1 31 0 0 0 0 0 0 0 5 0 0 0 0 0 0 0 7 0 0 0 0 0 163 0 175 0 1 0 0 0 18 0 128 0 3 0 0 0 0 0 0 0 0 0 0 0 0 1 0 0 0 4 0 0 0 3 0 0 0 0 0 0 0 0 0 0 0 0 0 0 0 2 0 0 0 0 0 0 0 0 0 0 0 0 0 
0 1 0 0 1 75 0 0 0 0 0 0 0 0 0 0 1 0 0 0 0 0 0 0 155 11 0 0 315 0 0 2675 0 0 0 70 0 0 0 0 0 0 0 0 0 0 0 0 0 0 0 0 3 0 0 0 0 0 0 0 0 0 0 0 0 0 0 0 100 0 0 0 0 0 0 0 1 0 0 0 0 0 0 0 0 0 0 0 0 0 0 0 0 0 0 0 0 0 0 0 0 0 0 0 0 0 0 0 0 0 0 0 0 0 0 0 0 0 0 0 0 0 0 0 0 0 0 0 0 
0 2 0 0 9 199 0 0 0 0 1 0 0 0 0 0 5 0 0 0 0 0 0 0 176 396 0 0 321 0 0 10337 0 0 0 783 10 0 0 0 0 0 0 0 0 0 0 0 0 0 0 0 6 0 0 0 0 0 0 0 18 0 0 0 0 0 40 0 114 0 0 0 0 0 93 0 283 0 6 0 0 0 0 0 0 0 0 0 0 0 0 0 0 0 0 32 0 0 0 2 0 0 0 1 0 0 0 0 0 0 0 0 0 0 0 0 0 0 0 0 0 0 0 0 0 0 0 0 0 
0 1 0 0 1 75 0 0 0 0 0 0 0 0 0 0 1 0 0 0 0 0 0 0 155 11 0 0 315 0 0 2675 0 0 0 70 0 0 0 0 0 0 0 0 0 0 0 0 0 0 0 0 3 0 0 0 0 0 0 0 0 0 0 0 0 0 0 0 100 0 0 0 0 0 0 0 1 0 0 0 0 0 0 0 0 0 0 0 0 0 0 0 0 0 0 0 0 0 0 0 0 0 0 0 0 0 0 0 0 0 0 0 0 0 0 0 0 0 0 0 0 0 0 0 0 0 0 0 0 
0 4 0 0 14 320 0 0 4 0 3 0 0 0 0 0 16 0 0 16 0 0 439 0 239 640 0 0 460 0 1 14808 0 0 0 919 10 0 0 0 0 0 0 5 51 0 0 2 0 0 0 0 7 0 0 0 0 0 0 0 18 0 0 3 0 0 176 0 142 0 3 0 0 0 228 0 319 0 8 0 0 0 0 0 0 0 0 0 0 0 0 1 0 0 0 110 0 0 0 4 0 0 0 3 0 1 0 0 0 0 0 0 0 0 0 4 0 0 0 0 0 0 0 0 0 0 0 0 0 
0 6 0 0 12 420 0 0 10 0 5 0 0 0 0 0 12 0 0 8 0 0 1013 0 169 942 0 0 1245 0 6 15357 0 0 0 501 3 0 0 0 0 0 0 20 197 0 0 6 0 0 0 0 10 0 0 0 0 0 0 0 4 0 0 8 0 0 339 0 364 0 2 0 0 0 180 0 312 0 2 0 0 0 0 0 0 1 0 0 0 0 0 3 0 0 0 76 0 0 0 5 0 0 0 3 0 2 0 0 0 0 0 0 0 0 0 4 0 0 0 0 0 0 0 0 0 0 0 0 0 
0 3 0 0 5 235 0 0 2 0 1 0 0 0 0 0 9 0 0 2 0 0 210 0 243 366 0 0 828 0 0 8983 0 0 0 256 0 0 0 0 0 0 0 4 49 0 0 0 0 0 0 0 7 0 0 0 0 0 0 0 2 0 0 1 0 0 45 0 283 0 1 0 0 0 71 0 131 0 0 0 0 0 0 0 0 0 0 0 0 0 0 0 0 0 0 21 0 0 0 2 0 0 0 1 0 0 0 0 0 0 0 0 0 0 0 0 0 0 0 0 0 0 0 0 0 0 0 0 0 
0 3 0 0 7 222 0 0 2 0 1 0 0 0 0 0 11 0 0 4 0 0 210 0 243 438 0 0 756 0 0 8203 0 0 0 373 3 0 0 0 0 0 0 4 42 0 0 0 0 0 0 0 9 0 0 0 0 0 0 0 3 0 0 1 0 0 74 0 246 0 1 0 0 0 38 0 133 0 1 0 0 0 0 0 0 0 0 0 0 0 0 0 0 0 0 17 0 0 0 1 0 0 0 1 0 0 0 0 0 0 0 0 0 0 0 1 0 0 0 0 0 0 0 0 0 0 0 0 0 
0 2 0 0 3 143 0 0 1 0 0 0 0 0 0 0 5 0 0 1 0 0 98 0 196 184 0 0 632 0 0 4857 0 0 0 156 0 0 0 0 0 0 0 2 22 0 0 0 0 0 0 0 5 0 0 0 0 0 0 0 1 0 0 0 0 0 0 0 197 0 0 0 0 0 0 0 50 0 0 0 0 0 0 0 0 0 0 0 0 0 0 0 0 0 0 0 0 0 0 0 0 0 0 0 0 0 0 0 0 0 0 0 0 0 0 0 0 0 0 0 0 0 0 0 0 0 0 0 0 
0 5 0 0 16 373 0 0 6 0 5 0 0 0 0 0 20 0 0 22 0 0 607 0 265 809 0 0 534 0 2 16138 0 0 0 951 11 0 0 0 0 0 0 7 71 0 0 3 0 0 0 0 10 0 0 0 0 0 0 0 14 0 0 6 0 0 279 0 152 0 5 0 0 0 366 0 321 0 10 0 0 0 0 0 0 0 0 0 0 0 0 2 0 0 0 150 0 0 0 6 0 0 0 2 0 1 0 0 0 0 0 0 0 0 0 7 0 0 1 0 0 0 0 0 0 1 0 0 0 
0 2 0 0 3 143 0 0 1 0 0 0 0 0 0 0 5 0 0 1 0 0 98 0 196 184 0 0 632 0 0 4857 0 0 0 156 0 0 0 0 0 0 0 2 22 0 0 0 0 0 0 0 5 0 0 0 0 0 0 0 1 0 0 0 0 0 0 0 197 0 0 0 0 0 0 0 50 0 0 0 0 0 0 0 0 0 0 0 0 0 0 0 0 0 0 0 0 0 0 0 0 0 0 0 0 0 0 0 0 0 0 0 0 0 0 0 0 0 0 0 0 0 0 0 0 0 0 0 0 
0 5 0 0 14 416 0 0 6 0 4 0 0 0 0 0 11 0 0 8 0 0 615 0 192 875 0 0 804 0 4 18414 0 0 0 840 8 0 0 0 0 0 0 13 123 0 0 3 0 0 0 0 12 0 0 0 0 0 0 0 10 0 0 0 0 0 153 0 239 0 1 0 0 0 366 0 391 0 6 0 0 0 0 0 0 0 0 0 0 0 0 6 0 0 0 133 0 0 0 7 0 0 0 2 0 0 0 0 0 0 0 0 0 0 0 7 0 0 0 0 0 0 0 0 0 0 0 0 0 
0 3 0 0 10 266 0 0 1 0 2 0 0 0 0 0 9 0 0 1 0 0 98 0 215 540 0 0 550 0 0 12491 0 0 0 782 7 0 0 0 0 0 0 2 21 0 0 0 0 0 0 0 8 0 0 0 0 0 0 0 15 0 0 0 0 0 69 0 171 0 0 0 0 0 181 0 292 0 8 0 0 0 0 0 0 0 0 0 0 0 0 1 0 0 0 69 0 0 0 4 0 0 0 1 0 0 0 0 0 0 0 0 0 0 0 2 0 0 0 0 0 0 0 0 0 0 0 0 0 
0 3 0 0 12 253 0 0 1 0 2 0 0 0 0 0 10 0 0 3 0 0 98 0 217 641 0 0 433 0 0 11740 0 0 0 853 12 0 0 0 0 0 0 2 14 0 0 0 0 0 0 0 8 0 0 0 0 0 0 0 15 0 0 0 0 0 69 0 142 0 1 0 0 0 193 0 303 0 7 0 0 0 0 0 0 0 0 0 0 0 0 1 0 0 0 56 0 0 0 4 0 0 0 2 0 0 0 0 0 0 0 0 0 0 0 3 0 0 0 0 0 0 0 0 0 0 0 0 0 
0 3 0 0 13 235 0 0 1 0 2 0 0 0 0 0 11 0 0 3 0 0 136 0 194 788 0 0 390 0 0 10940 0 0 0 872 11 0 0 0 0 0 0 2 12 0 0 4 0 0 0 0 5 0 0 0 0 0 0 0 23 0 0 0 0 0 97 0 104 0 0 0 0 0 116 0 342 0 9 0 0 0 0 0 0 1 0 0 0 0 0 0 0 0 0 46 0 0 0 3 0 0 0 2 0 0 0 0 0 0 0 0 0 0 0 0 0 0 0 0 0 0 0 0 0 0 0 0 0 
0 1 0 0 1 75 0 0 0 0 0 0 0 0 0 0 1 0 0 0 0 0 0 0 155 11 0 0 315 0 0 2675 0 0 0 70 0 0 0 0 0 0 0 0 0 0 0 0 0 0 0 0 3 0 0 0 0 0 0 0 0 0 0 0 0 0 0 0 100 0 0 0 0 0 0 0 1 0 0 0 0 0 0 0 0 0 0 0 0 0 0 0 0 0 0 0 0 0 0 0 0 0 0 0 0 0 0 0 0 0 0 0 0 0 0 0 0 0 0 0 0 0 0 0 0 0 0 0 0 
0 5 0 0 12 279 0 0 5 0 5 0 0 0 0 0 21 0 0 5 0 0 426 0 266 1154 0 0 878 0 0 9428 0 0 0 352 0 0 0 0 0 0 0 8 63 0 0 6 0 0 0 0 6 0 0 0 0 0 0 0 11 0 0 5 0 0 315 0 254 0 4 0 0 0 139 0 185 0 6 0 0 0 0 0 0 2 0 0 0 0 0 2 0 0 0 48 0 0 0 8 0 0 0 2 0 1 0 0 0 0 0 0 0 0 0 2 0 0 0 0 0 0 0 0 0 0 0 0 0 
0 5 0 0 11 452 0 0 5 0 6 0 0 0 0 0 12 0 0 4 0 0 556 0 204 678 0 0 758 0 2 21003 0 0 0 734 2 0 0 0 0 0 0 7 132 0 0 2 0 0 0 0 8 0 0 0 0 0 0 0 10 0 0 2 0 0 305 0 217 0 3 0 0 0 471 0 370 0 9 0 0 0 0 0 0 0 0 0 0 0 0 5 0 0 0 206 0 0 0 7 0 0 0 4 0 2 0 0 0 0 0 0 0 0 0 6 0 0 0 0 0 0 0 0 0 2 0 0 0 
0 1 0 0 1 75 0 0 0 0 0 0 0 0 0 0 1 0 0 0 0 0 0 0 155 11 0 0 315 0 0 2675 0 0 0 70 0 0 0 0 0 0 0 0 0 0 0 0 0 0 0 0 3 0 0 0 0 0 0 0 0 0 0 0 0 0 0 0 100 0 0 0 0 0 0 0 1 0 0 0 0 0 0 0 0 0 0 0 0 0 0 0 0 0 0 0 0 0 0 0 0 0 0 0 0 0 0 0 0 0 0 0 0 0 0 0 0 0 0 0 0 0 0 0 0 0 0 0 0 
0 5 0 0 13 431 0 0 4 0 7 0 0 0 0 0 16 0 0 1 0 0 439 0 219 874 0 0 611 0 1 19697 0 0 0 788 7 0 0 0 0 0 0 8 86 0 0 4 0 0 0 0 10 0 0 0 0 0 0 0 8 0 0 2 0 0 368 0 162 0 5 0 0 0 516 0 404 0 9 0 0 0 0 0 0 0 0 0 0 0 0 4 0 0 0 214 0 0 0 7 0 0 0 2 0 2 0 0 0 0 0 0 0 0 0 9 0 0 1 0 0 0 0 0 0 3 0 0 0 
0 4 0 0 12 226 0 0 4 0 2 0 0 0 0 0 25 0 0 14 0 0 326 0 243 884 0 0 589 0 1 7323 0 0 0 372 5 0 0 0 0 0 0 6 29 0 0 3 0 0 0 0 6 0 0 0 0 0 0 0 9 0 0 2 0 0 126 0 177 0 2 0 0 0 97 0 209 0 2 0 0 0 0 0 0 0 0 0 0 0 0 0 0 0 0 31 0 0 0 3 0 0 0 1 0 1 0 0 0 0 0 0 0 0 0 1 0 0 0 0 0 0 0 0 0 0 0 0 0 
0 3 0 0 15 229 0 0 2 0 1 0 0 0 0 0 13 0 0 4 0 0 215 0 107 1016 0 0 419 0 0 10515 0 0 0 915 16 0 0 0 0 0 0 5 23 0 0 6 0 0 0 0 8 0 0 0 0 0 0 0 23 0 0 1 0 0 29 0 112 0 0 0 0 0 88 0 398 0 4 0 0 0 0 0 0 0 0 0 0 0 0 0 0 0 0 37 0 0 0 2 0 0 0 0 0 0 0 0 0 0 0 0 0 0 0 2 0 0 0 0 0 0 0 0 0 0 0 0 0 
0 2 0 0 6 79 0 0 0 0 1 0 0 0 0 0 17 0 0 0 0 0 0 0 107 538 0 0 379 0 0 2184 0 0 0 123 1 0 0 0 0 0 0 0 0 0 0 0 0 0 0 0 5 0 0 0 0 0 0 0 6 0 0 0 0 0 64 0 94 0 2 0 0 0 11 0 54 0 2 0 0 0 0 0 0 0 0 0 0 0 0 0 0 0 0 1 0 0 0 2 0 0 0 0 0 0 0 0 0 0 0 0 0 0 0 0 0 0 0 0 0 0 0 0 0 0 0 0 0 
0 1 0 0 2 68 0 0 0 0 0 0 0 0 0 0 6 0 0 0 0 0 0 0 87 173 0 0 319 0 0 2182 0 0 0 86 0 0 0 0 0 0 0 0 0 0 0 0 0 0 0 0 2 0 0 0 0 0 0 0 1 0 0 0 0 0 0 0 97 0 0 0 0 0 0 0 49 0 0 0 0 0 0 0 0 0 0 0 0 0 0 0 0 0 0 0 0 0 0 0 0 0 0 0 0 0 0 0 0 0 0 0 0 0 0 0 0 0 0 0 0 0 0 0 0 0 0 0 0 
0 4 0 0 9 292 0 0 3 0 3 0 0 0 0 0 18 0 0 1 0 0 318 0 220 796 0 0 791 0 0 11381 0 0 0 320 1 0 0 0 0 0 0 6 66 0 0 3 0 0 0 0 7 0 0 0 0 0 0 0 5 0 0 2 0 0 208 0 244 0 2 0 0 0 120 0 297 0 2 0 0 0 0 0 0 0 0 0 0 0 0 1 0 0 0 45 0 0 0 3 0 0 0 1 0 1 0 0 0 0 0 0 0 0 0 3 0 0 0 0 0 0 0 0 0 0 0 0 0 
0 1 0 0 2 68 0 0 0 0 0 0 0 0 0 0 6 0 0 0 0 0 0 0 87 173 0 0 319 0 0 2182 0 0 0 86 0 0 0 0 0 0 0 0 0 0 0 0 0 0 0 0 2 0 0 0 0 0 0 0 1 0 0 0 0 0 0 0 97 0 0 0 0 0 0 0 49 0 0 0 0 0 0 0 0 0 0 0 0 0 0 0 0 0 0 0 0 0 0 0 0 0 0 0 0 0 0 0 0 0 0 0 0 0 0 0 0 0 0 0 0 0 0 0 0 0 0 0 0 
0 4 0 0 15 324 0 0 3 0 3 0 0 0 0 0 17 0 0 3 0 0 325 0 173 1030 0 0 545 0 0 14955 0 0 0 881 10 0 0 0 0 0 0 7 48 0 0 6 0 0 0 0 10 0 0 0 0 0 0 0 19 0 0 2 0 0 164 0 137 0 0 0 0 0 196 0 460 0 9 0 0 0 0 0 0 1 0 0 0 0 0 1 0 0 0 91 0 0 0 3 0 0 0 0 0 0 0 0 0 0 0 0 0 0 0 6 0 0 0 0 0 0 0 0 0 0 0 0 0 
0 4 0 0 12 335 0 0 1 0 6 0 0 0 0 0 15 0 0 0 0 0 97 0 257 784 0 0 465 0 0 15177 0 0 0 799 9 0 0 0 0 0 0 3 10 0 0 1 0 0 0 0 8 0 0 0 0 0 0 0 10 0 0 0 0 0 313 0 122 0 6 0 0 0 432 0 325 0 10 0 0 0 0 0 0 0 0 0 0 0 0 1 0 0 0 174 0 0 0 6 0 0 0 2 0 1 0 0 0 0 0 0 0 0 0 7 0 0 1 0 0 0 0 0 0 3 0 0 0 
0 2 0 0 10 192 0 0 0 0 1 0 0 0 0 0 10 0 0 0 0 0 0 0 110 569 0 0 330 0 0 9855 0 0 0 804 12 0 0 0 0 0 0 0 0 0 0 0 0 0 0 0 7 0 0 0 0 0 0 0 17 0 0 0 0 0 29 0 106 0 0 0 0 0 88 0 324 0 4 0 0 0 0 0 0 0 0 0 0 0 0 0 0 0 0 37 0 0 0 2 0 0 0 0 0 0 0 0 0 0 0 0 0 0 0 2 0 0 0 0 0 0 0 0 0 0 0 0 0 
0 2 0 0 6 123 0 0 1 0 0 0 0 0 0 0 10 0 0 0 0 0 97 0 137 445 0 0 529 0 0 3613 0 0 0 256 4 0 0 0 0 0 0 4 11 0 0 1 0 0 0 0 6 0 0 0 0 0 0 0 3 0 0 0 0 0 0 0 152 0 0 0 0 0 0 0 97 0 0 0 0 0 0 0 0 0 0 0 0 0 0 0 0 0 0 0 0 0 0 0 0 0 0 0 0 0 0 0 0 0 0 0 0 0 0 0 0 0 0 0 0 0 0 0 0 0 0 0 0 
0 1 0 0 4 30 0 0 0 0 0 0 0 0 0 0 13 0 0 0 0 0 0 0 74 157 0 0 11 0 0 435 0 0 0 102 3 0 0 0 0 0 0 0 0 0 0 0 0 0 0 0 1 0 0 0 0 0 0 0 3 0 0 0 0 0 0 0 0 0 0 0 0 0 0 0 17 0 0 0 0 0 0 0 0 0 0 0 0 0 0 0 0 0 0 0 0 0 0 0 0 0 0 0 0 0 0 0 0 0 0 0 0 0 0 0 0 0 0 0 0 0 0 0 0 0 0 0 0 
0 1 0 0 4 30 0 0 0 0 0 0 0 0 0 0 13 0 0 0 0 0 0 0 74 157 0 0 11 0 0 435 0 0 0 102 3 0 0 0 0 0 0 0 0 0 0 0 0 0 0 0 1 0 0 0 0 0 0 0 3 0 0 0 0 0 0 0 0 0 0 0 0 0 0 0 17 0 0 0 0 0 0 0 0 0 0 0 0 0 0 0 0 0 0 0 0 0 0 0 0 0 0 0 0 0 0 0 0 0 0 0 0 0 0 0 0 0 0 0 0 0 0 0 0 0 0 0 0 
0 2 0 0 9 40 0 0 0 0 1 0 0 0 0 0 20 0 0 0 0 0 0 0 92 763 0 0 11 0 0 480 0 0 0 122 5 0 0 0 0 0 0 0 0 0 0 0 0 0 0 0 1 0 0 0 0 0 0 0 13 0 0 0 0 0 9 0 0 0 5 0 0 0 29 0 27 0 2 0 0 0 0 0 0 0 0 0 0 0 0 0 0 0 0 1 0 0 0 0 0 0 0 0 0 0 0 0 0 0 0 0 0 0 0 1 0 0 0 0 0 0 0 0 0 0 0 0 0 
0 2 0 0 6 147 0 0 0 0 1 0 0 0 0 0 14 0 0 0 0 0 0 0 176 427 0 0 445 0 0 5528 0 0 0 303 3 0 0 0 0 0 0 0 0 0 0 0 0 0 0 0 6 0 0 0 0 0 0 0 3 0 0 0 0 0 74 0 146 0 1 0 0 0 38 0 132 0 1 0 0 0 0 0 0 0 0 0 0 0 0 0 0 0 0 17 0 0 0 1 0 0 0 1 0 0 0 0 0 0 0 0 0 0 0 1 0 0 0 0 0 0 0 0 0 0 0 0 0 
0 3 0 0 12 269 0 0 0 0 4 0 0 0 0 0 13 0 0 0 0 0 0 0 196 687 0 0 308 0 0 13067 0 0 0 870 12 0 0 0 0 0 0 0 0 0 0 0 0 0 0 0 8 0 0 0 0 0 0 0 13 0 0 0 0 0 239 0 87 0 6 0 0 0 274 0 336 0 8 0 0 0 0 0 0 0 0 0 0 0 0 0 0 0 0 118 0 0 0 4 0 0 0 1 0 0 0 0 0 0 0 0 0 0 0 7 0 0 1 0 0 0 0 0 0 1 0 0 0 
0 1 0 0 4 55 0 0 0 0 0 0 0 0 0 0 8 0 0 0 0 0 0 0 74 274 0 0 214 0 0 1431 0 0 0 170 4 0 0 0 0 0 0 0 0 0 0 0 0 0 0 0 4 0 0 0 0 0 0 0 2 0 0 0 0 0 0 0 55 0 0 0 0 0 0 0 48 0 0 0 0 0 0 0 0 0 0 0 0 0 0 0 0 0 0 0 0 0 0 0 0 0 0 0 0 0 0 0 0 0 0 0 0 0 0 0 0 0 0 0 0 0 0 0 0 0 0 0 0 
0 1 0 0 4 55 0 0 0 0 0 0 0 0 0 0 8 0 0 0 0 0 0 0 74 274 0 0 214 0 0 1431 0 0 0 170 4 0 0 0 0 0 0 0 0 0 0 0 0 0 0 0 4 0 0 0 0 0 0 0 2 0 0 0 0 0 0 0 55 0 0 0 0 0 0 0 48 0 0 0 0 0 0 0 0 0 0 0 0 0 0 0 0 0 0 0 0 0 0 0 0 0 0 0 0 0 0 0 0 0 0 0 0 0 0 0 0 0 0 0 0 0 0 0 0 0 0 0 0 
0 3 0 0 11 164 0 0 3 0 0 0 0 0 0 0 22 0 0 11 0 0 275 0 167 848 0 0 516 0 1 6070 0 0 0 291 7 0 0 0 0 0 0 5 24 0 0 3 0 0 0 0 9 0 0 0 0 0 0 0 10 0 0 0 0 0 0 0 138 0 0 0 0 0 0 0 177 0 0 0 0 0 0 0 0 0 0 0 0 0 0 0 0 0 0 0 0 0 0 0 0 0 0 0 0 0 0 0 0 0 0 0 0 0 0 0 0 0 0 0 0 0 0 0 0 0 0 0 0 
0 3 0 0 12 158 0 0 2 0 1 0 0 0 0 0 22 0 0 7 0 0 159 0 186 1034 0 0 470 0 0 5581 0 0 0 356 7 0 0 0 0 0 0 4 3 0 0 4 0 0 0 0 6 0 0 0 0 0 0 0 14 0 0 1 0 0 74 0 148 0 1 0 0 0 38 0 145 0 1 0 0 0 0 0 0 0 0 0 0 0 0 0 0 0 0 17 0 0 0 1 0 0 0 1 0 0 0 0 0 0 0 0 0 0 0 1 0 0 0 0 0 0 0 0 0 0 0 0 0 
0 3 0 0 10 71 0 0 2 0 1 0 0 0 0 0 26 0 0 9 0 0 76 0 108 954 0 0 362 0 0 1447 0 0 0 203 5 0 0 0 0 0 0 0 3 0 0 2 0 0 0 0 4 0 0 0 0 0 0 0 7 0 0 1 0 0 52 0 54 0 3 0 0 0 5 0 61 0 0 0 0 0 0 0 0 0 0 0 0 0 0 0 0 0 0 1 0 0 0 2 0 0 0 0 0 0 0 0 0 0 0 0 0 0 0 1 0 0 0 0 0 0 0 0 0 0 0 0 0 
0 4 0 0 13 72 0 0 4 0 2 0 0 0 0 0 28 0 0 14 0 0 90 0 100 1264 0 0 374 0 1 1443 0 0 0 158 4 0 0 0 0 0 0 1 5 0 0 6 0 0 0 0 4 0 0 0 0 0 0 0 11 0 0 2 0 0 55 0 55 0 4 0 0 0 54 0 56 0 4 0 0 0 0 0 0 0 0 0 0 0 0 0 0 0 0 2 0 0 0 2 0 0 0 1 0 1 0 0 0 0 0 0 0 0 0 1 0 0 0 0 0 0 0 0 0 0 0 0 0 
0 5 0 0 20 90 0 0 9 0 1 0 0 0 0 0 46 0 0 37 0 0 271 0 114 1735 0 0 440 0 7 1552 0 0 0 280 12 0 0 0 0 0 0 7 13 0 0 14 0 0 0 0 9 0 0 0 0 0 0 0 19 0 0 3 0 0 51 0 57 0 4 0 0 0 1 0 73 0 2 0 0 0 0 0 0 0 0 0 0 0 0 0 0 0 0 1 0 0 0 2 0 0 0 0 0 0 0 0 0 0 0 0 0 0 0 0 0 0 0 0 0 0 0 0 0 0 0 0 0 
0 3 0 0 15 226 0 0 1 0 3 0 0 0 0 0 14 0 0 2 0 0 96 0 138 1004 0 0 250 0 0 11669 0 0 0 879 16 0 0 0 0 0 0 1 3 0 0 2 0 0 0 0 5 0 0 0 0 0 0 0 23 0 0 0 0 0 257 0 77 0 7 0 0 0 145 0 340 0 4 0 0 0 0 0 0 1 0 0 0 0 0 0 0 0 0 79 0 0 0 2 0 0 0 2 0 1 0 0 0 0 0 0 0 0 0 9 0 0 0 0 0 0 0 0 0 0 0 0 0 
0 2 0 0 10 216 0 0 0 0 2 0 0 0 0 0 7 0 0 0 0 0 0 0 126 516 0 0 232 0 0 11737 0 0 0 838 12 0 0 0 0 0 0 0 0 0 0 0 0 0 0 0 5 0 0 0 0 0 0 0 17 0 0 0 0 0 136 0 77 0 4 0 0 0 136 0 334 0 4 0 0 0 0 0 0 0 0 0 0 0 0 0 0 0 0 78 0 0 0 2 0 0 0 2 0 0 0 0 0 0 0 0 0 0 0 4 0 0 0 0 0 0 0 0 0 0 0 0 0 
0 2 0 0 10 216 0 0 0 0 2 0 0 0 0 0 7 0 0 0 0 0 0 0 126 516 0 0 232 0 0 11737 0 0 0 838 12 0 0 0 0 0 0 0 0 0 0 0 0 0 0 0 5 0 0 0 0 0 0 0 17 0 0 0 0 0 136 0 77 0 4 0 0 0 136 0 334 0 4 0 0 0 0 0 0 0 0 0 0 0 0 0 0 0 0 78 0 0 0 2 0 0 0 2 0 0 0 0 0 0 0 0 0 0 0 4 0 0 0 0 0 0 0 0 0 0 0 0 0 
0 5 0 0 15 163 0 0 7 0 3 0 0 0 0 0 23 0 0 19 0 0 286 0 173 1486 0 0 778 0 4 4786 0 0 0 322 2 0 0 0 0 0 0 11 16 0 0 11 0 0 0 0 11 0 0 0 0 0 0 0 14 0 0 3 0 0 256 0 114 0 6 0 0 0 47 0 184 0 3 0 0 0 0 0 0 3 0 0 0 0 0 0 0 0 0 13 0 0 0 3 0 0 0 0 0 0 0 0 0 0 0 0 0 0 0 3 0 0 0 0 0 0 0 0 0 0 0 0 0 
0 1 0 0 3 93 0 0 0 0 0 0 0 0 0 0 7 0 0 0 0 0 0 0 103 227 0 0 269 0 0 4170 0 0 0 171 0 0 0 0 0 0 0 0 0 0 0 0 0 0 0 0 4 0 0 0 0 0 0 0 3 0 0 0 0 0 0 0 110 0 0 0 0 0 0 0 103 0 0 0 0 0 0 0 0 0 0 0 0 0 0 0 0 0 0 0 0 0 0 0 0 0 0 0 0 0 0 0 0 0 0 0 0 0 0 0 0 0 0 0 0 0 0 0 0 0 0 0 0 
0 3 0 0 14 252 0 0 1 0 3 0 0 0 0 0 12 0 0 3 0 0 136 0 145 886 0 0 298 0 0 12318 0 0 0 922 14 0 0 0 0 0 0 1 12 0 0 4 0 0 0 0 6 0 0 0 0 0 0 0 21 0 0 0 0 0 215 0 71 0 5 0 0 0 162 0 396 0 6 0 0 0 0 0 0 1 0 0 0 0 0 0 0 0 0 88 0 0 0 3 0 0 0 2 0 1 0 0 0 0 0 0 0 0 0 5 0 0 0 0 0 0 0 0 0 0 0 0 0 
0 2 0 0 10 216 0 0 0 0 2 0 0 0 0 0 7 0 0 0 0 0 0 0 126 516 0 0 232 0 0 11737 0 0 0 838 12 0 0 0 0 0 0 0 0 0 0 0 0 0 0 0 5 0 0 0 0 0 0 0 17 0 0 0 0 0 136 0 77 0 4 0 0 0 136 0 334 0 4 0 0 0 0 0 0 0 0 0 0 0 0 0 0 0 0 78 0 0 0 2 0 0 0 2 0 0 0 0 0 0 0 0 0 0 0 4 0 0 0 0 0 0 0 0 0 0 0 0 0 
0 1 0 0 9 125 0 0 0 0 0 0 0 0 0 0 4 0 0 0 0 0 0 0 27 425 0 0 99 0 0 7701 0 0 0 805 16 0 0 0 0 0 0 0 0 0 0 0 0 0 0 0 5 0 0 0 0 0 0 0 20 0 0 0 0 0 0 0 49 0 0 0 0 0 0 0 315 0 0 0 0 0 0 0 0 0 0 0 0 0 0 0 0 0 0 0 0 0 0 0 0 0 0 0 0 0 0 0 0 0 0 0 0 0 0 0 0 0 0 0 0 0 0 0 0 0 0 0 0 
0 1 0 0 9 125 0 0 0 0 0 0 0 0 0 0 4 0 0 0 0 0 0 0 27 425 0 0 99 0 0 7701 0 0 0 805 16 0 0 0 0 0 0 0 0 0 0 0 0 0 0 0 5 0 0 0 0 0 0 0 20 0 0 0 0 0 0 0 49 0 0 0 0 0 0 0 315 0 0 0 0 0 0 0 0 0 0 0 0 0 0 0 0 0 0 0 0 0 0 0 0 0 0 0 0 0 0 0 0 0 0 0 0 0 0 0 0 0 0 0 0 0 0 0 0 0 0 0 0 
0 1 0 0 9 125 0 0 0 0 0 0 0 0 0 0 4 0 0 0 0 0 0 0 27 425 0 0 99 0 0 7701 0 0 0 805 16 0 0 0 0 0 0 0 0 0 0 0 0 0 0 0 5 0 0 0 0 0 0 0 20 0 0 0 0 0 0 0 49 0 0 0 0 0 0 0 315 0 0 0 0 0 0 0 0 0 0 0 0 0 0 0 0 0 0 0 0 0 0 0 0 0 0 0 0 0 0 0 0 0 0 0 0 0 0 0 0 0 0 0 0 0 0 0 0 0 0 0 0 
0 2 0 0 14 162 0 0 1 0 0 0 0 0 0 0 10 0 0 3 0 0 136 0 48 874 0 0 191 0 0 8361 0 0 0 916 20 0 0 0 0 0 0 2 12 0 0 5 0 0 0 0 6 0 0 0 0 0 0 0 26 0 0 0 0 0 0 0 55 0 0 0 0 0 0 0 389 0 0 0 0 0 0 0 0 0 0 0 0 0 0 0 0 0 0 0 0 0 0 0 0 0 0 0 0 0 0 0 0 0 0 0 0 0 0 0 0 0 0 0 0 0 0 0 0 0 0 0 0 
0 2 0 0 14 162 0 0 1 0 0 0 0 0 0 0 10 0 0 3 0 0 136 0 48 874 0 0 191 0 0 8361 0 0 0 916 20 0 0 0 0 0 0 2 12 0 0 5 0 0 0 0 6 0 0 0 0 0 0 0 26 0 0 0 0 0 0 0 55 0 0 0 0 0 0 0 389 0 0 0 0 0 0 0 0 0 0 0 0 0 0 0 0 0 0 0 0 0 0 0 0 0 0 0 0 0 0 0 0 0 0 0 0 0 0 0 0 0 0 0 0 0 0 0 0 0 0 0 0 
0 1 0 0 9 125 0 0 0 0 0 0 0 0 0 0 4 0 0 0 0 0 0 0 27 425 0 0 99 0 0 7701 0 0 0 805 16 0 0 0 0 0 0 0 0 0 0 0 0 0 0 0 5 0 0 0 0 0 0 0 20 0 0 0 0 0 0 0 49 0 0 0 0 0 0 0 315 0 0 0 0 0 0 0 0 0 0 0 0 0 0 0 0 0 0 0 0 0 0 0 0 0 0 0 0 0 0 0 0 0 0 0 0 0 0 0 0 0 0 0 0 0 0 0 0 0 0 0 0 
0 1 0 0 9 125 0 0 0 0 0 0 0 0 0 0 4 0 0 0 0 0 0 0 27 425 0 0 99 0 0 7701 0 0 0 805 16 0 0 0 0 0 0 0 0 0 0 0 0 0 0 0 5 0 0 0 0 0 0 0 20 0 0 0 0 0 0 0 49 0 0 0 0 0 0 0 315 0 0 0 0 0 0 0 0 0 0 0 0 0 0 0 0 0 0 0 0 0 0 0 0 0 0 0 0 0 0 0 0 0 0 0 0 0 0 0 0 0 0 0 0 0 0 0 0 0 0 0 0 
0 6 0 0 28 184 0 0 12 0 3 0 0 0 0 0 30 0 0 42 0 0 474 0 101 2134 0 0 479 0 11 7690 0 0 0 974 26 0 0 0 0 0 0 12 17 0 0 26 0 0 0 0 8 0 0 0 0 0 0 0 38 0 0 6 0 0 362 0 58 0 16 0 0 0 28 0 350 0 2 0 0 0 0 0 0 3 0 0 0 0 0 0 0 0 0 4 0 0 0 0 0 0 0 2 0 0 0 0 0 0 0 0 0 0 0 10 0 0 0 0 0 0 0 0 0 0 0 0 0 
0 2 0 0 14 162 0 0 1 0 0 0 0 0 0 0 10 0 0 3 0 0 136 0 48 874 0 0 191 0 0 8361 0 0 0 916 20 0 0 0 0 0 0 2 12 0 0 5 0 0 0 0 6 0 0 0 0 0 0 0 26 0 0 0 0 0 0 0 55 0 0 0 0 0 0 0 389 0 0 0 0 0 0 0 0 0 0 0 0 0 0 0 0 0 0 0 0 0 0 0 0 0 0 0 0 0 0 0 0 0 0 0 0 0 0 0 0 0 0 0 0 0 0 0 0 0 0 0 0 
0 3 0 0 16 146 0 0 1 0 2 0 0 0 0 0 19 0 0 4 0 0 18 0 70 951 0 0 285 0 0 7576 0 0 0 856 20 0 0 0 0 0 0 1 2 0 0 1 0 0 0 0 6 0 0 0 0 0 0 0 25 0 0 0 0 0 243 0 48 0 12 0 0 0 18 0 324 0 2 0 0 0 0 0 0 1 0 0 0 0 0 0 0 0 0 3 0 0 0 0 0 0 0 2 0 0 0 0 0 0 0 0 0 0 0 5 0 0 0 0 0 0 0 0 0 0 0 0 0 
0 1 0 0 9 125 0 0 0 0 0 0 0 0 0 0 4 0 0 0 0 0 0 0 27 425 0 0 99 0 0 7701 0 0 0 805 16 0 0 0 0 0 0 0 0 0 0 0 0 0 0 0 5 0 0 0 0 0 0 0 20 0 0 0 0 0 0 0 49 0 0 0 0 0 0 0 315 0 0 0 0 0 0 0 0 0 0 0 0 0 0 0 0 0 0 0 0 0 0 0 0 0 0 0 0 0 0 0 0 0 0 0 0 0 0 0 0 0 0 0 0 0 0 0 0 0 0 0 0 
0 1 0 0 9 125 0 0 0 0 0 0 0 0 0 0 4 0 0 0 0 0 0 0 27 425 0 0 99 0 0 7701 0 0 0 805 16 0 0 0 0 0 0 0 0 0 0 0 0 0 0 0 5 0 0 0 0 0 0 0 20 0 0 0 0 0 0 0 49 0 0 0 0 0 0 0 315 0 0 0 0 0 0 0 0 0 0 0 0 0 0 0 0 0 0 0 0 0 0 0 0 0 0 0 0 0 0 0 0 0 0 0 0 0 0 0 0 0 0 0 0 0 0 0 0 0 0 0 0 
0 1 0 0 3 13 0 0 0 0 0 0 0 0 0 0 12 0 0 0 0 0 0 0 23 348 0 0 129 0 0 73 0 0 0 29 0 0 0 0 0 0 0 0 0 0 0 0 0 0 0 0 2 0 0 0 0 0 0 0 3 0 0 0 0 0 0 0 5 0 0 0 0 0 0 0 7 0 0 0 0 0 0 0 0 0 0 0 0 0 0 0 0 0 0 0 0 0 0 0 0 0 0 0 0 0 0 0 0 0 0 0 0 0 0 0 0 0 0 0 0 0 0 0 0 0 0 0 0 
0 1 0 0 3 13 0 0 0 0 0 0 0 0 0 0 12 0 0 0 0 0 0 0 23 348 0 0 129 0 0 73 0 0 0 29 0 0 0 0 0 0 0 0 0 0 0 0 0 0 0 0 2 0 0 0 0 0 0 0 3 0 0 0 0 0 0 0 5 0 0 0 0 0 0 0 7 0 0 0 0 0 0 0 0 0 0 0 0 0 0 0 0 0 0 0 0 0 0 0 0 0 0 0 0 0 0 0 0 0 0 0 0 0 0 0 0 0 0 0 0 0 0 0 0 0 0 0 0 
0 1 0 0 3 13 0 0 0 0 0 0 0 0 0 0 12 0 0 0 0 0 0 0 23 348 0 0 129 0 0 73 0 0 0 29 0 0 0 0 0 0 0 0 0 0 0 0 0 0 0 0 2 0 0 0 0 0 0 0 3 0 0 0 0 0 0 0 5 0 0 0 0 0 0 0 7 0 0 0 0 0 0 0 0 0 0 0 0 0 0 0 0 0 0 0 0 0 0 0 0 0 0 0 0 0 0 0 0 0 0 0 0 0 0 0 0 0 0 0 0 0 0 0 0 0 0 0 0 
0 1 0 0 3 13 0 0 0 0 0 0 0 0 0 0 12 0 0 0 0 0 0 0 23 348 0 0 129 0 0 73 0 0 0 29 0 0 0 0 0 0 0 0 0 0 0 0 0 0 0 0 2 0 0 0 0 0 0 0 3 0 0 0 0 0 0 0 5 0 0 0 0 0 0 0 7 0 0 0 0 0 0 0 0 0 0 0 0 0 0 0 0 0 0 0 0 0 0 0 0 0 0 0 0 0 0 0 0 0 0 0 0 0 0 0 0 0 0 0 0 0 0 0 0 0 0 0 0 
0 3 0 0 12 31 0 0 3 0 0 0 0 0 0 0 37 0 0 14 0 0 57 0 54 1208 0 0 321 0 1 152 0 0 0 91 3 0 0 0 0 0 0 3 1 0 0 5 0 0 0 0 5 0 0 0 0 0 0 0 16 0 0 0 0 0 0 0 7 0 0 0 0 0 0 0 24 0 0 0 0 0 0 0 0 0 0 0 0 0 0 0 0 0 0 0 0 0 0 0 0 0 0 0 0 0 0 0 0 0 0 0 0 0 0 0 0 0 0 0 0 0 0 0 0 0 0 0 0 
0 2 0 0 7 30 0 0 1 0 0 0 0 0 0 0 18 0 0 3 0 0 20 0 47 790 0 0 284 0 0 201 0 0 0 80 1 0 0 0 0 0 0 2 5 0 0 2 0 0 0 0 4 0 0 0 0 0 0 0 8 0 0 0 0 0 0 0 13 0 0 0 0 0 0 0 21 0 0 0 0 0 0 0 0 0 0 0 0 0 0 0 0 0 0 0 0 0 0 0 0 0 0 0 0 0 0 0 0 0 0 0 0 0 0 0 0 0 0 0 0 0 0 0 0 0 0 0 0 
0 1 0 0 4 17 0 0 0 0 0 0 0 0 0 0 8 0 0 0 0 0 0 0 36 446 0 0 157 0 0 128 0 0 0 51 1 0 0 0 0 0 0 0 0 0 0 0 0 0 0 0 2 0 0 0 0 0 0 0 5 0 0 0 0 0 0 0 8 0 0 0 0 0 0 0 14 0 0 0 0 0 0 0 0 0 0 0 0 0 0 0 0 0 0 0 0 0 0 0 0 0 0 0 0 0 0 0 0 0 0 0 0 0 0 0 0 0 0 0 0 0 0 0 0 0 0 0 0 
0 1 0 0 4 17 0 0 0 0 0 0 0 0 0 0 8 0 0 0 0 0 0 0 36 446 0 0 157 0 0 128 0 0 0 51 1 0 0 0 0 0 0 0 0 0 0 0 0 0 0 0 2 0 0 0 0 0 0 0 5 0 0 0 0 0 0 0 8 0 0 0 0 0 0 0 14 0 0 0 0 0 0 0 0 0 0 0 0 0 0 0 0 0 0 0 0 0 0 0 0 0 0 0 0 0 0 0 0 0 0 0 0 0 0 0 0 0 0 0 0 0 0 0 0 0 0 0 0 
0 4 0 0 19 36 0 0 6 0 0 0 0 0 0 0 45 0 0 23 0 0 91 0 49 1777 0 0 128 0 4 172 0 0 0 137 11 0 0 0 0 0 0 1 8 0 0 17 0 0 0 0 3 0 0 0 0 0 0 0 27 0 0 0 0 0 0 0 5 0 0 0 0 0 0 0 28 0 0 0 0 0 0 0 0 0 0 0 0 0 0 0 0 0 0 0 0 0 0 0 0 0 0 0 0 0 0 0 0 0 0 0 0 0 0 0 0 0 0 0 0 0 0 0 0 0 0 0 0 
0 1 0 0 3 11 0 0 0 0 0 0 0 0 0 0 6 0 0 0 0 0 0 0 27 295 0 0 29 0 0 53 0 0 0 27 1 0 0 0 0 0 0 0 0 0 0 0 0 0 0 0 0 0 0 0 0 0 0 0 2 0 0 0 0 0 0 0 2 0 0 0 0 0 0 0 6 0 0 0 0 0 0 0 0 0 0 0 0 0 0 0 0 0 0 0 0 0 0 0 0 0 0 0 0 0 0 0 0 0 0 0 0 0 0 0 0 0 0 0 0 0 0 0 0 0 0 0 0 
0 1 0 0 5 12 0 0 0 0 0 0 0 0 0 0 13 0 0 0 0 0 0 0 22 429 0 0 71 0 0 65 0 0 0 49 3 0 0 0 0 0 0 0 0 0 0 0 0 0 0 0 3 0 0 0 0 0 0 0 7 0 0 0 0 0 0 0 1 0 0 0 0 0 0 0 7 0 0 0 0 0 0 0 0 0 0 0 0 0 0 0 0 0 0 0 0 0 0 0 0 0 0 0 0 0 0 0 0 0 0 0 0 0 0 0 0 0 0 0 0 0 0 0 0 0 0 0 0 
0 1 0 0 5 12 0 0 0 0 0 0 0 0 0 0 13 0 0 0 0 0 0 0 22 429 0 0 71 0 0 65 0 0 0 49 3 0 0 0 0 0 0 0 0 0 0 0 0 0 0 0 3 0 0 0 0 0 0 0 7 0 0 0 0 0 0 0 1 0 0 0 0 0 0 0 7 0 0 0 0 0 0 0 0 0 0 0 0 0 0 0 0 0 0 0 0 0 0 0 0 0 0 0 0 0 0 0 0 0 0 0 0 0 0 0 0 0 0 0 0 0 0 0 0 0 0 0 0 
0 1 0 0 3 6 0 0 0 0 0 0 0 0 0 0 5 0 0 0 0 0 0 0 13 290 0 0 187 0 0 11 0 0 0 10 0 0 0 0 0 0 0 0 0 0 0 0 0 0 0 0 2 0 0 0 0 0 0 0 3 0 0 0 0 0 0 0 4 0 0 0 0 0 0 0 5 0 0 0 0 0 0 0 0 0 0 0 0 0 0 0 0 0 0 0 0 0 0 0 0 0 0 0 0 0 0 0 0 0 0 0 0 0 0 0 0 0 0 0 0 0 0 0 0 0 0 0 0 
